snapped_at	price	market_cap	total_volume
2013-04-28	103.1862	1144365914	0
2013-04-29	110.3745	1224594040	0
2013-04-30	106.3128	1179936532	0
2013-05-01	88.6291	983973562.6	0
2013-05-02	80.5923	895037935.3	0
2013-05-03	75.1575	834954730.5	0
2013-05-04	86.2273	958267697.6	0
2013-05-05	88.4403	983208503.2	0
2013-05-06	85.5829	951799524.7	0
2013-05-07	83.7734	932031433.4	0
2013-05-08	86.563	963424549.3	0
2013-05-09	85.7885	955160580.2	0
2013-05-10	90.0629	1003134090	0
2013-05-11	89.0164	991885265.5	0
2013-05-12	88.3954	985345733.8	0
2013-05-13	90.8763	1013397972	0
2013-05-14	85.8463	957639084.6	0
2013-05-15	88.2102	984324390.6	0
2013-05-16	91.5815	1022285362	0
2013-05-17	95.8971	1070842159	0
2013-05-18	96.0028	1072363276	0
2013-05-19	95.3844	1065841978	0
2013-05-20	94.9896	1061741505	0
2013-05-21	95.4072	1066755059	0
2013-05-22	95.9877	1073651221	0
2013-05-23	98.11	1097789582	0
2013-05-24	102.9938	1152858525	0
2013-05-25	101.9565	1141673202	0
2013-05-26	103.2175	1156226952	0
2013-05-27	100.3132	1124139814	0
2013-05-28	99.7548	1118266271	0
2013-05-29	102.7794	1152627290	0
2013-05-30	99.6187	1117619705	0
2013-05-31	98.8856	1109845004	0
2013-06-01	99.3948	1116064451	0
2013-06-02	94.3005	1059371817	0
2013-06-03	92.9568	1044778658	0
2013-06-05	93.2043	1048077694	0
2013-06-06	90.9132	1022737134	0
2013-06-07	84.0138	945497606.2	0
2013-06-08	81.6081	918746029.8	0
2013-06-09	75.9808	855739458.9	0
2013-06-10	80.5148	907132071.8	0
2013-06-11	82.2838	927414538.7	0
2013-06-12	81.7592	921877903.2	0
2013-06-13	78	879888750	0
2013-06-14	74.8329	844502372.6	0
2013-06-15	74.8098	844585809.6	0
2013-06-16	74.8707	845589685.8	0
2013-06-17	76.3907	863111782.6	0
2013-06-18	80.3631	908287865.1	0
2013-06-19	80.84	913964914.4	0
2013-06-20	83.571	945129510.3	0
2013-06-21	82.8054	936783700.4	0
2013-06-22	82.3009	931419860.7	0
2013-06-23	82.1938	930579710.2	0
2013-06-24	77.8076	881229425.7	0
2013-06-25	78.7549	892259546.4	0
2013-06-26	79.4311	900242300.8	0
2013-06-27	78.1492	886034138.8	0
2013-06-28	72.6188	823638798.7	0
2013-06-29	72.9441	827638347.6	0
2013-06-30	74.9331	850516911.6	0
2013-07-01	65.0205	738259012.1	0
2013-07-02	67.1281	762462776.5	0
2013-07-03	59.1872	672496803.6	0
2013-07-04	59.7792	679501199.5	0
2013-07-05	51.2984	583320518.7	0
2013-07-06	52.057	592179608.9	0
2013-07-07	56.5087	643084546	0
2013-07-08	58.1136	661620430.4	0
2013-07-09	57.7136	657344918.5	0
2013-07-10	65.9978	752013582	0
2013-07-11	70.2041	800268821.4	0
2013-07-12	67.6164	771085592.5	0
2013-07-13	69.9784	798264602.3	0
2013-07-14	69.1701	789338054.7	0
2013-07-15	71.3026	813967308.3	0
2013-07-16	71.0398	811276292.3	0
2013-07-17	68.9509	787689910.3	0
2013-07-18	65.1081	744087920.8	0
2013-07-19	65.4085	747787581.7	0
2013-07-20	65.2057	745759220.8	0
2013-07-21	65.0437	744194241.4	0
2013-07-22	65.5021	749777975.6	0
2013-07-23	65.9892	755620882.6	0
2013-07-24	66.2494	758825596.3	0
2013-07-25	67.8216	777106674.6	0
2013-07-26	68.4316	784357867.1	0
2013-07-27	67.098	769333925.7	0
2013-07-28	69.3614	795611673	0
2013-07-29	70.2551	806143901.4	0
2013-07-30	72.6135	833521289.5	0
2013-07-31	73.8145	847711553.1	0
2013-08-01	72.5204	833190502	0
2013-08-02	73.5564	845416805.2	0
2013-08-03	72.8642	837818074.1	0
2013-08-04	72.7376	836664244	0
2013-08-05	72.9734	839706738.1	0
2013-08-06	73.2315	843030043.4	0
2013-08-07	72.8867	839202886.5	0
2013-08-08	71.0947	819238446.8	0
2013-08-09	69.8062	804748560.6	0
2013-08-10	69.8827	805992120.5	0
2013-08-11	70.5836	814448279.3	0
2013-08-12	71.2942	823068368	0
2013-08-13	73.6152	850202189.2	0
2013-08-14	73.8297	852984055.7	0
2013-08-15	73.5616	850191869.8	0
2013-08-16	73.7209	852344458.6	0
2013-08-17	74.6914	863923680.3	0
2013-08-18	74.1534	858054945.1	0
2013-08-19	76.7487	888444870.2	0
2013-08-20	78.7578	912048795.7	0
2013-08-21	83.1088	962859080.3	0
2013-08-22	82.1467	952143916.9	0
2013-08-23	80.5138	933636012	0
2013-08-24	81.2438	942478857.4	0
2013-08-25	83.5453	969501433.9	0
2013-08-26	83.8631	973508023.7	0
2013-08-27	87.8372	1020029249	0
2013-08-28	88.1179	1023656833	0
2013-08-29	88.7382	1031297613	0
2013-08-30	93.1854	1083441020	0
2013-08-31	97.9458	1139293302	0
2013-09-01	97.0904	1129894384	0
2013-09-02	96.4906	1123483476	0
2013-09-03	96.8493	1128090961	0
2013-09-04	91.3508	1064465197	0
2013-09-05	91.8866	1071083044	0
2013-09-06	88.3304	1030062752	0
2013-09-07	90.3363	1053804558	0
2013-09-08	88.4926	1032633424	0
2013-09-09	90.6332	1058054243	0
2013-09-10	91.5685	1069401041	0
2013-09-11	94.3032	1101791437	0
2013-09-12	94.5686	1105395816	0
2013-09-13	95.1639	1112844268	0
2013-09-14	93.311	1091685046	0
2013-09-15	93.3932	1093097361	0
2013-09-16	93.749	1097657823	0
2013-09-17	94.3131	1104675194	0
2013-09-18	93.6891	1097708340	0
2013-09-19	91.7398	1075323478	0
2013-09-20	90.8565	1065387861	0
2013-09-21	90.6824	1063763496	0
2013-09-22	90.6417	1063759661	0
2013-09-23	90.538	1063040610	0
2013-09-24	90.9276	1068094692	0
2013-09-25	91.2983	1072926209	0
2013-09-26	91.4989	1075677081	0
2013-09-27	91.329	1074088404	0
2013-09-28	92.2534	1085345106	0
2013-09-29	92.6963	1090949707	0
2013-09-30	91.0223	1071623742	0
2013-10-01	92.7858	1092849710	0
2013-10-02	73.5603	866718717.7	0
2013-10-03	85.8838	1012396087	0
2013-10-04	89.4046	1054290335	0
2013-10-05	89.3587	1054215965	0
2013-10-06	89.7261	1059007997	0
2013-10-07	90.7575	1071532962	0
2013-10-08	91.5999	1081840619	0
2013-10-09	93.0477	1099356250	0
2013-10-10	92.9543	1098722150	0
2013-10-11	92.6268	1095258650	0
2013-10-12	93.4094	1104958474	0
2013-10-13	96.2078	1138616908	0
2013-10-14	98.1013	1161642019	0
2013-10-15	102.4608	1213914574	0
2013-10-16	101.5506	1203704650	0
2013-10-17	104.4686	1238752095	0
2013-10-18	109.2936	1296427021	0
2013-10-19	116.7808	1385899064	0
2013-10-20	119.1726	1414927342	0
2013-10-21	127.3619	1512798280	0
2013-10-22	133.6403	1588204712	0
2013-10-23	145.6692	1731930311	0
2013-10-24	132.7345	1578837057	0
2013-10-25	129.0098	1535310152	0
2013-10-26	127.4308	1517152876	0
2013-10-27	134.468	1601540774	0
2013-10-28	136.2248	1623064002	0
2013-10-29	144.1237	1717738318	0
2013-10-30	141.6624	1689104543	0
2013-10-31	145.6438	1737373967	0
2013-11-01	146.5737	1749170228	0
2013-11-02	148.8996	1777745827	0
2013-11-03	153.313	1831208800	0
2013-11-04	166.652	1991328914	0
2013-11-05	177.6113	2123041152	0
2013-11-06	187.7112	2244542595	0
2013-11-07	211.141	2525483894	0
2013-11-08	242.1997	2897792256	0
2013-11-09	251.4581	3009456827	0
2013-11-10	233.4401	2794809073	0
2013-11-11	248.092	2971416491	0
2013-11-12	260.0397	3115776182	0
2013-11-13	291.5621	3494758088	0
2013-11-14	305.2046	3659654948	0
2013-11-15	303.1776	3636577415	0
2013-11-16	317.7563	3813019992	0
2013-11-17	352.9489	4236992717	0
2013-11-18	499.3801	5996868354	0
2013-11-19	400.29	4808473618	0
2013-11-20	426.1276	5120594265	0
2013-11-21	516.2023	6204919411	0
2013-11-22	551.3231	6628474932	0
2013-11-23	572.9054	6890118406	0
2013-11-24	554.4268	6670073199	0
2013-11-25	575.9612	6931822633	0
2013-11-26	662.6825	7978448794	0
2013-11-27	698.6103	8413783009	0
2013-11-28	762.8329	9190515425	0
2013-11-29	824.3691	9936347464	0
2013-11-30	827.6007	9978381640	0
2013-12-01	696.7701	8404423527	0
2013-12-02	766.8847	9253633405	0
2013-12-03	786.3031	9491445063	0
2013-12-04	844.117	10193177039	0
2013-12-05	762.1123	9206164162	0
2013-12-06	608.5639	7354281734	0
2013-12-07	506.7408	6126458267	0
2013-12-08	579.997	7014628718	0
2013-12-09	653.7386	7909812130	0
2013-12-10	719.451	8708486712	0
2013-12-11	640.7339	7758358465	0
2013-12-12	636.8987	7714546961	0
2013-12-13	653.6786	7920607254	0
2013-12-14	631.3091	7652413256	0
2013-12-15	640.3257	7764861577	0
2013-12-16	517.7696	6281114795	0
2013-12-17	496.597	6026688777	0
2013-12-18	381.7649	4635112636	0
2013-12-19	511.2503	6209991238	0
2013-12-20	455.4998	5535165244	0
2013-12-21	445.3431	5413568456	0
2013-12-22	451.9255	5495357589	0
2013-12-23	491.3922	5977331575	0
2013-12-24	488.1119	5939565250	0
2013-12-25	502.3711	6115187570	0
2013-12-26	558.9192	6805861288	0
2013-12-27	543.047	6615099879	46505744.27
2013-12-28	531.3618	6474909214	20225421.96
2013-12-29	541.1832	6596712028	20127259.28
2013-12-30	547.0843	6668916586	17780383.62
2013-12-31	550.8385	6714680002	15977132.11
2014-01-01	560.0829	6827368545	17106259.79
2014-01-02	591.3929	7209035096	12889797.64
2014-01-03	610.7823	7445390429	40082611.56
2014-01-04	632.1224	7705524646	27055961.32
2014-01-05	691.5317	8429719558	46944969.54
2014-01-06	697.9619	8508103214	66029470.65
2014-01-07	595.3613	7280971018	57820351.32
2014-01-08	633.4166	7749472051	58980687.35
2014-01-09	632.8164	7745403789	43617305.52
2014-01-10	647.2257	7924777096	22314105
2014-01-11	681.0399	8342381229	36317942.24
2014-01-12	638.8237	7828481002	29583550.33
2014-01-13	627.6869	7694798015	32057964.94
2014-01-14	622.952	7639182507	17445629.34
2014-01-15	642.9534	7887398687	21371303.54
2014-01-16	622.3077	7637115671	13901779.82
2014-01-17	611.6701	7508923315	29545870.52
2014-01-18	623.2049	7653298935	13393489.4
2014-01-19	649.2958	7973823163	13613931.92
2014-01-20	642.473	7892652310	18791568.33
2014-01-21	644.7729	7924081628	19856739.34
2014-01-22	637.7454	7840697046	13181998.29
2014-01-23	623.9812	7674625570	13564594.09
2014-01-24	603.2657	7422445438	15057760.25
2014-01-25	630.1238	7755784273	24865915.49
2014-01-26	643.4107	7921962074	17094698.08
2014-01-27	595.6904	7336671889	21733555.79
2014-01-28	610.7606	7525272967	48639732.23
2014-01-29	612.9754	7554921805	25070720.12
2014-01-30	624.042	7693767015	12418448.78
2014-01-31	628.8669	7756019859	23916978.48
2014-02-01	632.4033	7802655156	11183356.39
2014-02-02	633.5225	7819457351	14654463.63
2014-02-03	626.0828	7730619981	9821136.076
2014-02-04	623.0605	7695918684	11096010.16
2014-02-05	606.5312	7494587610	11464762.35
2014-02-06	576.5257	7126131502	33973610.83
2014-02-07	515.9869	6380049022	47021319.94
2014-02-08	496.4562	6140703972	61518650.83
2014-02-09	500.7082	6195362700	25974810.61
2014-02-10	498.1905	6165929451	27831486.51
2014-02-11	490.8495	6077183117	85741086.42
2014-02-12	476.9315	5907213942	48016606.89
2014-02-13	437.464	5420386755	12823155.53
2014-02-14	479.5318	5943784673	69916577.74
2014-02-15	471.344	5844477062	41968569.28
2014-02-16	445.6487	5528015875	17499906.08
2014-02-17	453.4532	5626821404	34100785.56
2014-02-18	451.4878	5604239051	15940081.58
2014-02-19	449.7534	5584914039	9615245.195
2014-02-20	402.5302	5000300587	24226368.44
2014-02-21	414.1531	5146411374	39840426.65
2014-02-22	440.1442	5471091438	16706611.65
2014-02-23	440.0676	5472141591	31498984.43
2014-02-24	397.0689	4939259168	32763265.63
2014-02-25	389.0128	4840768305	88328667.11
2014-02-26	421.7003	5249378047	55785095.32
2014-02-27	420.6228	5238026244	27419974.74
2014-02-28	394.0981	4909496786	17126452.87
2014-03-01	408.4486	5089810751	16702121.09
2014-03-02	406.697	5069508607	8073734.209
2014-03-03	481.3243	6001500333	27155929.34
2014-03-04	482.9142	6023111141	61615988.61
2014-03-05	481.7873	6011151740	19723167.59
2014-03-06	475.2216	5931157626	12095480.58
2014-03-07	451.0366	5631225779	21779191.93
2014-03-08	443.4182	5538038352	15512408.58
2014-03-09	456.3321	5701185091	11110438.87
2014-03-10	450.9952	5636357612	11925739.9
2014-03-11	453.8798	5674303136	9119549.87
2014-03-12	454.137	5679448676	14808580.04
2014-03-13	460.1272	5756340814	9264467.445
2014-03-14	450.4924	5637405582	8542235.072
2014-03-15	455.4963	5701982395	4257445.184
2014-03-16	453.4727	5678453170	3482163.236
2014-03-17	446.1334	5588556955	9564574.211
2014-03-18	440.469	5519164664	16693362.54
2014-03-19	440.4678	5520867452	10983996.07
2014-03-20	425.714	5337793704	14415402.11
2014-03-21	413.7972	5190165175	27041575.21
2014-03-22	409.1966	5134251120	13112271.29
2014-03-23	407.0357	5109305448	7371790.966
2014-03-24	423.7174	5320799472	12743600.12
2014-03-25	421.1522	5290113841	13471882.07
2014-03-26	420.0045	5276989038	12636023.98
2014-03-27	347.9366	4372397474	13679086.61
2014-03-28	365.3441	4592722414	57719407.67
2014-03-29	358.6131	4510034895	19141353.14
2014-03-30	335.7251	4223656766	12764809.28
2014-03-31	332.8924	4189409242	41366738.18
2014-04-01	347.0832		
2014-04-02	317.8218		
2014-04-03	325.91		
2014-04-04	327.5489		
2014-04-05	339.2062		
2014-04-06	336.2522		
2014-04-07	324.6992	4096502517	6952833.551
2014-04-08	326.5345		
2014-04-09	317.7818		
2014-04-10	259.827		
2014-04-11	302.5334		
2014-04-12	302.9619		
2014-04-13	299.5209		
2014-04-14	331.1347		
2014-04-15	376.5292		
2014-04-16	383.0179		
2014-04-17	357.8976		
2014-04-18	346.1906		
2014-04-19	363.0771		
2014-04-20	359.9581		
2014-04-21	357.4785		
2014-04-22	350.8942		
2014-04-23	352.8501		6088275.884
2014-04-24	357.3473		6877094.815
2014-04-25	331.647		31850341.56
2014-04-26	328.0307		8672775.969
2014-04-27	316.4343		7052489.123
2014-04-28	315.4239		15002840.5
2014-04-29	320.9284		10868672.5
2014-04-30	320.9023		9414220.318
2014-05-01	328.1327		8618875.576
2014-05-02	319.6969		5886647.096
2014-05-03	312.8873		6810153.462
2014-05-04	312.7533		3769264.706
2014-05-05	309.3168		6176412.507
2014-05-06	306.4251		7770961.574
2014-05-07	315.7926		11760963.98
2014-05-08	316.0624		6136387.684
2014-05-09	325.239		6410431.872
2014-05-10	328.9309		4019574.914
2014-05-11	317.0608		8374059.063
2014-05-12	319.2314		4290964.338
2014-05-13	319.1128		4100675.998
2014-05-14	323.9424		4932882.239
2014-05-15	323.972		4535932.07
2014-05-16	325.0239		3864511.45
2014-05-17	325.5795		1929358.966
2014-05-18	324.2962		5715204.652
2014-05-19	323.7992		8533072.957
2014-05-20	352.8743		43370831.91
2014-05-21	357.1235		14705120.89
2014-05-22	382.6946		21059148.73
2014-05-23	384.7827		22195458.84
2014-05-24	383.7742		7509842.82
2014-05-25	417.4607		32086096.41
2014-05-26	424.8082		19183514.34
2014-05-27	417.6262		24244073.96
2014-05-28	419.8297		11561089.22
2014-05-29	415.6168		10560627.56
2014-05-30	455.603		31005740.14
2014-05-31	455.1324		13684315.21
2014-06-01	469.5503		39289378.88
2014-06-02	482.7147		30263885.33
2014-06-03	489.7262		27459015.2
2014-06-04	471.4551		32148841.38
2014-06-05	481.6548		18157931.87
2014-06-06	475.4471		10285787.34
2014-06-07	477.6918		9495183.712
2014-06-08	476.3651		4998345.758
2014-06-09	473.7061	6098954195	11156731.54
2014-06-10	479.1401	6171060961	10112389.45
2014-06-11	465.5454	5997633027	15300188.49
2014-06-12	418.5315	5393709610	30278669.25
2014-06-13	439.2353	5662379908	28030488.58
2014-06-14	420.9868	5428972100	24928627.14
2014-06-15	431.0577	5560913741	14317266.55
2014-06-16	436.5474	5633753334	19011009.58
2014-06-17	448.2049	5786280439	10382668.55
2014-06-18	444.7696	5743676780	11009617.99
2014-06-19	436.0757	5633193187	8279596.359
2014-06-20	433.9006	5607188979	10956778.62
2014-06-21	434.7747	5620506457	6106998.52
2014-06-22	437.7626	5660861398	7321823.907
2014-06-23	430.8946	5574214131	8269775.069
2014-06-24	428.0937	5539971274	8536225.657
2014-06-25	411.9293	5332744034	13379933.59
2014-06-26	425.7794	5513843230	9354635.573
2014-06-27	438.3136	5678243110	14584952.91
2014-06-28	435.844	5648298526	9982033.183
2014-06-29	438.5836	5685567534	6506448.144
2014-06-30	465.755	6039340290	34335951.89
2014-07-01	470.7422	6105538103	28142509.3
2014-07-02	474.5741	6156875222	19032626.51
2014-07-03	470.4574	6105102157	13621848.84
2014-07-04	461.3052	5988248932	16490411.84
2014-07-05	461.6362	5994276812	6835046.661
2014-07-06	464.3142	6030686947	8231949.933
2014-07-07	455.2904	5915189788	13615395.23
2014-07-08	455.5074	5919728620	6809930.754
2014-07-09	454.7265	5909943903	6841091.9
2014-07-10	452.0572	5875251811	11030263.98
2014-07-11	463.6025	6025302612	11638530.69
2014-07-12	465.6495452	6051907444	9750008.713
2014-07-13	461.2305697	5994475345	8405580.391
2014-07-14	453.8625785	5898715773	1942648983
2014-07-15	456.176	5928782619	7942325.814
2014-07-16	454.0595	5901275104	10113375.23
2014-07-17	460.5779	5985992793	10823146.45
2014-07-18	463.612	6043228781	10415443.11
2014-07-19	460.7655	6008197814	5622300.233
2014-07-20	456.4958	5954257318	3507376.953
2014-07-21	458.4033	5980879536	6082460.307
2014-07-22	459.6493	5998837049	5716658.025
2014-07-23	459.0923	5993220430	6718412.787
2014-07-24	445.5331	5817771220	18349473.72
2014-07-25	446.6522	5833590389	15077151.99
2014-07-26	442.1278	5776664984	8520851.139
2014-07-27	439.5376	5744492709	6923963.976
2014-07-28	435.5364	5693778246	17203230.56
2014-07-29	433.7758	5672442759	8791914.84
2014-07-30	418.6245	5476079413	13733865.28
2014-07-31	435.5809875	5699511884	17367077.67
2014-08-01	442.2970152	5789181403	17075619.64
2014-08-02	438.0783978	5735749511	6896717.9
2014-08-03	436.2022389	5712853482	6837896.416
2014-08-04	436.8901528	5723282846	8438735.677
2014-08-05	435.5323469	5706998108	9756378.497
2014-08-06	435.91	5713679427	9542770.817
2014-08-07	439.5162931	5762728865	8938980.131
2014-08-08	440.5945601	5778562879	9154462.958
2014-08-09	438.5102248	5753276075	5916473.278
2014-08-10	439.1041768	5762902015	6345715.468
2014-08-11	428.3717	5624070631	12247683.85
2014-08-12	424.2778044	5572178295	11833479.47
2014-08-13	406.815	5344318485	27420438.78
2014-08-14	376.9832	4954087024	34625885.47
2014-08-15	367.63901	4832476922	23243024.95
2014-08-16	388.848	5113166497	20852179.67
2014-08-17	368.8615	4851930399	21318519.3
2014-08-18	344.177	4528913285	45471397.89
2014-08-19	363.4769	4784591825	33913612.87
2014-08-20	387.8003	5106399230	41573157.35
2014-08-21	388.4215	5116152050	35490279.79
2014-08-22	389.5314	5132309914	25796234.33
2014-08-23	374.9809	4942135768	18113139.5
2014-08-24	385.1619	5077724134	14030847.31
2014-08-25	379.4004	5003058225	11932668.47
2014-08-26	387.7934	5115421519	16167420
2014-08-27	386.9004	5105257176	16300785.64
2014-08-28	384.5789	5076268419	14010463.51
2014-08-29	387.0231	5110204635	12188706.52
2014-08-30	381.8155	5043095487	8182017.448
2014-08-31	365.6439	4831243710	33026826.56
2014-09-01	362.4116	4789840092	14733302.6
2014-09-02	361.4503	4778400075	16053683.42
2014-09-03	361.0042	4774081993	10823947.15
2014-09-04	378.4687	5006525889	18243202.21
2014-09-05	370.7924	4906343576	10854718.86
2014-09-06	372.4306	4929649705	7548772.813
2014-09-07	371.0059	4912238693	5981651.142
2014-09-08	365.2821	4837814397	21413425.9
2014-09-09	364.6609	4830881739	15628779.81
2014-09-10	369.2383	4892998256	16091180.7
2014-09-11	368.6381	4886583710	11281905.75
2014-09-12	365.431	4845478023	10334369.26
2014-09-13	367.2064	4870689951	10806101.14
2014-09-14	366.1847	4858099178	8845214.644
2014-09-15	365.6418	4852807111	9834956.594
2014-09-16	357.1972	4742248256	13093453.11
2014-09-17	353.9828	4701227868	18048100.02
2014-09-18	327.7892	4354827027	37408162.66
2014-09-19	306.5092	4073384664	37229463.93
2014-09-20	318.3946	4232785572	37293573.13
2014-09-21	309.0222	4109423569	25589924.22
2014-09-22	309.9989	4123706117	18854137.73
2014-09-23	337.599	4492142934	44713294.35
2014-09-24	329.3846	4384092557	25580575.56
2014-09-25	319.8723	4258899754	24096423.26
2014-09-26	317.633	4230172767	18691137.12
2014-09-27	313.7995	4180130984	13165706.68
2014-09-28	296.657	3952776531	23279387.81
2014-09-29	294.0182	3918579014	29685115.98
2014-09-30	306.5378	4086639334	27317296.25
2014-10-01	301.8391	4025160226	20618980.53
2014-10-02	293.4761	3914641013	15680273.21
2014-10-03	284.6969	3798596858	23243262.16
2014-10-04	262.0086	3496884679	35936316.07
2014-10-05	259.9349	3470293374	65409231.97
2014-10-06	259.795	3469471297	60060813.84
2014-10-07	261.946	3499100863	34685182.78
2014-10-08	277.6341	3709663554	39892303.71
2014-10-09	282.5786	3776740698	63105277.08
2014-10-10	282.8867	3781968870	33265587.2
2014-10-11	284.7667	3808113887	25558220.96
2014-10-12	295.9048	3958177955	24309532.98
2014-10-13	303.8719	4065912377	43523714.03
2014-10-14	314.9596	4215332673	56475370.56
2014-10-15	305.8929	4095110609	38419103.2
2014-10-16	296.3983	3969128915	38235670.52
2014-10-17	298.0338	3992050988	29830328.1
2014-10-18	304.9562	4086031885	34326413.25
2014-10-19	303.333	4065299199	25767502.08
2014-10-20	296.7511	3978082033	25150354.82
2014-10-21	300.8437	4034118469	26114759.19
2014-10-22	300.0464	4024627379	17617318.77
2014-10-23	281.5825	3777992402	38224950.45
2014-10-24	279.6444	3753121475	25769502.75
2014-10-25	273.890964	3676917719	27701208.94
2014-10-26	276.2912	3710058955	21790227.09
2014-10-27	274.2989	3684417112	31756067.28
2014-10-28	276.0514	3708902387	20821624.18
2014-10-29	263.6196	3542849709	34323532.9
2014-10-30	272.5111	3663537037	47461893.3
2014-10-31	268.7324799	3613981573	24370638.29
2014-11-01	258.6685	3479705663	30794959.25
2014-11-02	258.8971	3483771157	22943301.19
2014-11-03	259.463	3492475765	32651440.25
2014-11-04	261.38	3519370613	27949260.09
2014-11-05	270.2151	3639243456	35566419.8
2014-11-06	281.009	3785697046	34846435.68
2014-11-07	273.9715	3691902948	32327140.17
2014-11-08	276.5776	3728100101	24278628.25
2014-11-09	291.5803033	3931413677	41291918.25
2014-11-10	293.0658	3952534485	50171328.46
2014-11-11	293.5611	3960153917	36623800.62
2014-11-12	336.4039	4539333305	188558293.3
2014-11-13	333.1301	4496340242	272193850.9
2014-11-14	315.5743	4260584403	210385503
2014-11-15	301.4361	4070781492	79231701.78
2014-11-16	309.6555	4182958098	76475598.77
2014-11-17	309.1463	4177200263	122746172.2
2014-11-18	299.1138	4042777254	87324544.72
2014-11-19	300.2981	4059842626	67240701.67
2014-11-20	283.5785284	3834754455	74784817.7
2014-11-21	281.9612882	3813787238	81205376.66
2014-11-22	283.7089	3838538861	55568655.15
2014-11-23	296.4814	4012393967	57443202.49
2014-11-24	303.6254	4110207402	93921818.12
2014-11-25	300.8209	4073227794	92647961.89
2014-11-26	292.4577	3960981286	73786631.45
2014-11-27	295.618	4004788779	56944813.52
2014-11-28	302.7551	4102641929	73292508.53
2014-11-29	301.3118	4084288982	81122765.39
2014-11-30	302.529	4101960458	60210516.09
2014-12-01	304.2481	4126265976	51407658.33
2014-12-02	307.67	4173828145	53923174.61
2014-12-03	303.249	4114755356	60611144.54
2014-12-04	297.1417	4032955723	50546975.7
2014-12-05	305.4699	4147189187	46957225.47
2014-12-06	303.2721	4118366882	39305015.49
2014-12-07	303.9091	4127982110	31258997.26
2014-12-08	293.4558	3987191291	54068997.04
2014-12-09	283.5784	3853958066	71858535.82
2014-12-10	278.774397	3789707939	47962382.73
2014-12-11	279.6274	3802296488	95519740.02
2014-12-12	282.0964	3836807241	40687634.48
2014-12-13	278.825	3793421096	31081395.42
2014-12-14	280.8137	3821390053	35572907.56
2014-12-15	276.9756	3770233414	24629502.06
2014-12-16	262.5815	3575204671	57385247.66
2014-12-17	258.4455	3519711114	61800548.98
2014-12-18	252.1261	3434505856	74048015.51
2014-12-19	259.6337	3537580562	49555310.96
2014-12-20	268.8796	3663981977	52609451.16
2014-12-21	261.4033	3562103559	47473624.88
2014-12-22	269.6128	3676406439	41785519.11
2014-12-23	274.2086	3740191594	48090814.71
2014-12-24	264.0969	3603272079	31127285.87
2014-12-25	260.3037	3552546806	61657192.18
2014-12-26	268.8986761	3670883722	76518914.14
2014-12-27	258.1096	3524576926	119683599.5
2014-12-28	259.8549	3549208663	55052725.39
2014-12-29	257.1213	3513164026	81808894.98
2014-12-30	255.0623	3486057609	58904185.25
2014-12-31	262.3083	3586062673	58710127.66
2015-01-01	259.4463	3548025445	38834782.78
2015-01-02	262.0648	3584902328	32383192.39
2015-01-03	238.7939	3267578120	98975778.01
2015-01-04	218.5517	2991491959	172120393.2
2015-01-05	228.9529	3134783040	129918850.9
2015-01-06	240.3053	3291161312	81683427.2
2015-01-07	249.9359	3423940626	93491162.67
2015-01-08	241.1556	3304531071	73393524.73
2015-01-09	244.632	3353005697	70522568.05
2015-01-10	231.8223	3178335893	78264470.75
2015-01-11	225.3083	3089911822	61775222.63
2015-01-12	226.7281552	3110154805	66730937.68
2015-01-13	188.0466	2580126283	183219853.1
2015-01-14	147.0435	2018094840	201589933.2
2015-01-15	181.0903	2486016693	221583224.7
2015-01-16	177.8099	2441618868	152238941.2
2015-01-17	172.4609	2368754773	92010327.38
2015-01-18	180.7395	2483170954	102624030.8
2015-01-19	184.8578	2540403695	90940721.12
2015-01-20	182.1826	2504200037	81619535.93
2015-01-21	192.8777	2651904429	85371206.49
2015-01-22	204.2367	2808800958	133108027.9
2015-01-23	207.8193	2858710336	112466292.1
2015-01-24	221.3808	3045950755	120403601.3
2015-01-25	227.9513	3137060092	127901533
2015-01-26	240.8514	3315367691	356681500.3
2015-01-27	230.6236	3174845196	302431051.9
2015-01-29	205.4437273	2830403368	143102486.2
2015-01-30	202.6938	2793216844	93824482.99
2015-01-31	193.1623	2662645724	81916157.06
2015-02-01	200.3275	2762195701	89282203.17
2015-02-02	211.7552	2920633596	95320847.47
2015-02-03	196.9672	2717305325	118339882.8
2015-02-04	198.8014	2743389740	73372489.35
2015-02-05	188.9357	2607978658	64579179.97
2015-02-06	196.6339	2715096312	77920066.15
2015-02-07	200.8036	2773494303	71317403.82
2015-02-08	197.034	2722069043	68044470.9
2015-02-09	194.3346	2685592430	69891051.52
2015-02-10	194.9827	2695211740	58949182.48
2015-02-11	193.2637	2672242685	57469428.51
2015-02-12	194.7331639	2693154788	45282603.49
2015-02-13	206.9353	2862644646	120332357.3
2015-02-14	227.6952	3150743715	145434762.3
2015-02-15	204.4114	2829278629	175432924.8
2015-02-16	207.8562	2877758696	113633923.5
2015-02-17	212.4634	2942357822	106442332.6
2015-02-18	205.7538	2850255953	77892163.29
2015-02-19	211.3669	2928916417	62800018.65
2015-02-20	214.4932	2973058071	70725705.15
2015-02-21	214.521	2974221041	56360086.51
2015-02-22	206.8919	2869223420	65154507.21
2015-02-23	210.0681	2914017418	54477801.33
2015-02-24	210.5597	2921521101	51801372.13
2015-02-25	208.8981	2899301952	50675781.37
2015-02-26	210.9518954	2928576605	40186728.5
2015-02-27	227.3188	3156673882	122824655
2015-02-28	226.5015	3146117160	76707497.35
2015-03-01	230.4451	3201694758	51959127.73
2015-03-02	241.4109	3355014018	83753171.32
2015-03-03	251.04	3489820008	115181251.8
2015-03-04	245.8887	3419100815	107673552.6
2015-03-05	249.114	3464733563	89323754.43
2015-03-06	251.1559	3494055765	68893237.76
2015-03-07	254.1468917	3536562010	46165547.76
2015-03-08	253.5041	3527788406	41592937.26
2015-03-09	266.6467	3712468675	102367070.9
2015-03-10	271.6451	3783140188	120974996.9
2015-03-11	280.6255	3908523901	69970603.1
2015-03-12	276.7193	3855792890	61457282.42
2015-03-13	274.4155	3824679752	64535992.43
2015-03-14	268.1774	3738627611	60253441.54
2015-03-15	271.8774	3791187607	30692665.91
2015-03-16	274.5058	3828745135	57549899.34
2015-03-17	268.4546	3745257104	47715046.69
2015-03-18	235.9938	3293287579	114161325.4
2015-03-19	243.8185	3403316150	124903022
2015-03-20	241.1405	3366737347	54903834.78
2015-03-21	239.7749	3348576366	50034251.31
2015-03-22	246.8166	3447811937	47468115.49
2015-03-23	242.7998	3392568765	66663315.35
2015-03-24	224.2121	3133829338	140828741.5
2015-03-25	224.5762	3139788623	160382156.4
2015-03-26	227.6376	3183426472	136711195.6
2015-03-27	226.9413	3174693193	82941070.38
2015-03-28	231.4426	3237847258	75411314.07
2015-03-29	222.1861	3108350211	77584255.81
2015-03-30	227.6868	3185304179	89250783.37
2015-03-31	226.6677	3171047123	71321792.85
2015-04-01	229.1145	3209241169	72632050.74
2015-04-02	231.933	3249677045	87506330.13
2015-04-03	231.5829	3245634344	86053564.02
2015-04-04	231.2894	3242388276	58396467.57
2015-04-05	236.1752	3311754933	75450145.46
2015-04-06	233.66	3277227538	76689587.7
2015-04-07	233.9768	3282109562	81785677.71
2015-04-08	226.543	3178998629	98815919.54
2015-04-09	227.9947102	3200139452	87887819.7
2015-04-10	221.2241	3105781732	104431605.2
2015-04-11	223.0758	3131777887	82678111.24
2015-04-12	222.3424	3121481629	58733038.12
2015-04-13	211.8623	2976744763	83059207.98
2015-04-14	204.5474	2874734728	102780064
2015-04-15	208.8903	2936397058	67054488.11
2015-04-16	211.8932	2979313744	82221426.34
2015-04-17	205.8146279	2894494600	93818499.04
2015-04-18	206.3095	2902227945	64927306.57
2015-04-19	206.2195	2901616630	54298657.9
2015-04-20	208.8389	2939381413	59177836.73
2015-04-21	218.5902	3077454919	75224461.59
2015-04-22	218.0277	3070364184	67629217.24
2015-04-23	217.3661	3061742806	50955571.68
2015-04-24	212.4328	2992896679	67396368.19
2015-04-25	207.8057	2928569364	54104581.23
2015-04-26	201.0865	2834615847	89266832.73
2015-04-27	210.1602	2963222042	87724360.12
2015-04-28	205.7402	2901713489	65324824.79
2015-04-29	203.2886	2867782116	51076032.75
2015-04-30	210.6603	2972453699	92555581.5
2015-05-01	207.8604	2933741686	66722022.38
2015-05-02	209.9694	2964274500	54851686.9
2015-05-03	214.3624	3027054323	77414638.55
2015-05-04	214.3844	3028029581	75481979.22
2015-05-05	211.0332	2981492877	64268048.28
2015-05-06	202.6106	2862533209	62263121.45
2015-05-07	210.6379	2975944911	66601530.55
2015-05-08	217.3425	3070669176	71255202.33
2015-05-09	215.444	3043846693	70939073.85
2015-05-10	213.977	3023120550	60570346.63
2015-05-11	216.8868	3064230932	63480740.26
2015-05-12	215.332	3042264329	54281651.35
2015-05-13	208.1216	2940393995	44280165.87
2015-05-14	207.3958	2930139711	49920583.23
2015-05-15	207.1874	2927195384	34319377.86
2015-05-16	206.3839	2915843335	23488105.16
2015-05-17	206.3328	2915121382	21326461.1
2015-05-18	205.4602	2902793071	29848137.35
2015-05-19	208.1174	2940334657	27891720.07
2015-05-20	210.9788	2980761231	25941471.17
2015-05-21	211.9302	2994202848	24641878.94
2015-05-22	218.5423	3101262753	49451444.97
2015-05-23	217.0603939	3080824994	43367577.4
2015-05-24	219.3239	3113757858	27057696.3
2015-05-25	216.2722	3071184190	28085540.52
2015-05-26	218.1884	3099164398	27808090.79
2015-05-27	217.6251	3091924930	28189253.65
2015-05-28	216.5518	3077390561	24438276.76
2015-05-29	216.1228	3072158587	28359549.97
2015-05-30	212.828	3026031070	28628785.97
2015-05-31	209.2896	2976464369	21280817.82
2015-06-01	204.3993	2907610702	39908473.07
2015-06-02	202.4492	2880639544	28754370.62
2015-06-03	200.2225	2849036030	27058432.7
2015-06-04	199.9151	2844661928	25864421.56
2015-06-05	202.2231	2877503268	29021097.93
2015-06-06	202.7159	2884515492	16411030.2
2015-06-07	201.3044	2864430764	21725865.63
2015-06-08	202.6646	2883785526	35844858.25
2015-06-09	203.586	2896896449	32593834.54
2015-06-10	202.2587	2878009833	25784677.72
2015-06-11	204.5204	2910192354	25646388.69
2015-06-12	204.6252	2911683590	26383761.71
2015-06-13	206.4999	2938359352	25753509.29
2015-06-14	208.2403	2963124113	31461474.03
2015-06-15	210.3254	2992793730	41532206.34
2015-06-16	222.7303	3169307394	85690330.66
2015-06-17	218.5068	3109209735	88772089.37
2015-06-18	218.5811	3110266975	59238071.22
2015-06-19	213.9824	3044830463	53511874.04
2015-06-20	216.2481	3077069902	49061676.44
2015-06-21	214.764	3070856745	23353235.7
2015-06-22	218.0221	3118239283	36296137.43
2015-06-23	218.3481	3123687919	33477704.73
2015-06-24	214.6629	3071777800	35354712.89
2015-06-25	216.4618	3098358444	30570041.67
2015-06-26	217.1127	3108505654	30447888.1
2015-06-27	224.419	3213842784	43948854.6
2015-06-28	225.9273	3236250423	36864600.01
2015-06-29	228.4194855	3272737283	65234261.72
2015-06-30	235.61075	3376631902	89692668.52
2015-07-01	233.062	3340897158	61640114.36
2015-07-02	229.6688656	3293158705	47539508.17
2015-07-03	229.6262	3293442477	38102257.15
2015-07-04	234.3376	3361906803	38633742.77
2015-07-05	245.9669466	3529631834	87246323.3
2015-07-06	242.949	3487399273	101201730.1
2015-07-07	241.3460757	3465234888	58884011.8
2015-07-08	243.6205225	3498683048	71714842.14
2015-07-09	242.9424	3489740031	68611727.22
2015-07-10	255.3989	3669858719	101971990.1
2015-07-11	261.8389341	3763371725	102616835.6
2015-07-12	278.716744	4006866751	103821954.6
2015-07-13	264.1112	3797866234	118177000.6
2015-07-14	260.2933	3743141293	67597270.17
2015-07-15	259.3183235	3730378363	48340624.19
2015-07-16	254.4101	3661088544	89581969.25
2015-07-17	256.9746	3698995182	55917271.86
2015-07-18	253.4524	3648377599	48482352.76
2015-07-19	251.66945	3622712523	24812135.95
2015-07-20	255.9779	3687457641	37605117.46
2015-07-21	251.3758173	3622074151	39532839.16
2015-07-22	252.7831	3643318583	39578180.09
2015-07-23	250.8926	3616917900	31100216.17
2015-07-24	262.8780845	3790281373	72358751.6
2015-07-25	262.7054784	3787792670	49974385.86
2015-07-26	265.7397188	3831541561	36665952.79
2015-07-27	263.8923	3804904738	57303215.07
2015-07-28	265.7653	3831910402	57514731
2015-07-29	262.8271742	3789547328	47905325.49
2015-07-30	262.3615	3782833052	40135922.53
2015-07-31	258.1015207	3721410965	58204294.22
2015-08-01	255.3951	3682388710	48707474.81
2015-08-02	256.7383	3701755505	42070777.96
2015-08-03	257.2818052	3709591981	37804591.81
2015-08-04	261.0163	3763437420	44361824.8
2015-08-05	258.1223856	3721711804	39832092.26
2015-08-06	254.4451	3668691230	38360882.32
2015-08-07	253.963956	3661753903	43439193.84
2015-08-08	236.8844602	3415494901	72994690.46
2015-08-09	241.060575	3475707794	61887080.22
2015-08-10	239.2478	3464978038	55172500.84
2015-08-11	244.3884	3540491409	58070796.41
2015-08-12	239.9486	3476897205	65468379.64
2015-08-13	236.3989467	3426360424	51253860.75
2015-08-14	238.6413	3459684349	55158568.55
2015-08-15	234.4836787	3400224376	34326841.01
2015-08-16	232.1118	3366630786	50298014.67
2015-08-17	232.0596	3366720677	46698639.18
2015-08-18	229.5253	3330526866	45195664.02
2015-08-19	203.1856	2949335497	128937792.8
2015-08-20	208.8815	3032776609	88716324.85
2015-08-21	203.9918	2962634109	54595285.46
2015-08-22	201.1993	2922867501	89848571.03
2015-08-23	199.5296	2899299770	63627542.01
2015-08-24	181.1789866	2633327862	120196430.4
2015-08-25	192.0608	2792175109	159167181.1
2015-08-26	198.8122	2891117072	127335006.2
2015-08-27	198.2885	2884155805	62162665.43
2015-08-28	207.151	3013870972	85070347.68
2015-08-29	204.2534	2972545687	50649629.03
2015-08-30	203.8017	2966736252	48804446.05
2015-08-31	205.0429	2985609163	51718211.83
2015-09-01	200.9887	2927355193	54395509.97
2015-09-02	203.8117	2969302086	42592423.66
2015-09-03	203.7515	2969122890	39358323.44
2015-09-04	206.3375	3007642460	49576865.96
2015-09-05	210.5518	3069834716	52660556.09
2015-09-06	214.5071	3128264293	62894246.73
2015-09-07	215.4334	3142580864	45089435.86
2015-09-08	217.3469	3171248848	60462996.83
2015-09-09	212.156	3096316046	49924357.02
2015-09-10	211.5171	3087853536	42990705.22
2015-09-11	211.708451	3091509705	39072935.98
2015-09-12	207.2489	3027113702	35767446.77
2015-09-13	203.0378	2966336574	40741885.78
2015-09-14	203.5024	2973887410	46070995.59
2015-09-15	204.0024	2982030582	51963251.32
2015-09-16	202.3529	2958667516	45250483.36
2015-09-17	203.8357	2980455030	47812756.3
2015-09-18	205.5345	3006671710	70417782.1
2015-09-19	204.5601	2993046673	34514845.45
2015-09-20	204.2909	2989766678	32307124.71
2015-09-21	202.4374	2963309027	32893123.73
2015-09-22	206.606	3025063070	64517200.02
2015-09-23	205.4678	3009281399	47845341.9
2015-09-24	209.1981	3064616186	111004776.7
2015-09-25	209.8351	3074839621	103084601.9
2015-09-26	209.4738	3070309855	83607555.33
2015-09-27	208.0422	3050096292	67707757.09
2015-09-28	212.9546	3122856760	218656818.8
2015-09-29	210.7515	3091492678	102308438
2015-09-30	211.3024	3100345029	68083622.45
2015-10-01	212.4229	3117592828	64652782.37
2015-10-02	211.627	3106642035	75325331.5
2015-10-03	213.1663	3129995391	65431974.14
2015-10-04	212.8466	3126125905	70366814.06
2015-10-05	214.7685	3155164034	96010135.54
2015-10-06	218.605	3212318498	120438968.2
2015-10-07	216.3529	3179516810	108155068.3
2015-10-08	215.1854	3162359259	86431978.74
2015-10-09	214.9889	3159471500	96095017.84
2015-10-10	215.9712	3176131859	78497539.76
2015-10-11	217.88	3204203197	69770606.62
2015-10-12	216.2534	3180281970	95218714.31
2015-10-13	219.0914	3222018379	144467081.6
2015-10-14	220.232	3242343597	280515407.5
2015-10-15	223.8046795	3295988300	182202323.9
2015-10-16	231.1568	3405095695	292850143.9
2015-10-17	237.8483	3504462798	238929033.5
2015-10-18	230.9337	3403466231	102781413.6
2015-10-19	233.1793	3437511752	198323883.3
2015-10-20	238.1055	3510865597	281055271.4
2015-10-21	235.4589	3472712678	177799507.7
2015-10-22	246.3539	3634323592	206247134
2015-10-23	251.7616	3715038228	118509948.4
2015-10-24	256.8154	3790543941	152505716
2015-10-25	258.4843	3816191122	305788971.7
2015-10-26	258.238	3813103572	200414034.1
2015-10-27	266.97	3943507310	298291912.1
2015-10-28	277.8959	4105863291	354383998
2015-10-29	285.591	4220656572	494167169.1
2015-10-30	296.025	4376100572	766266291.5
2015-10-31	283.6287	4193882863	292456216.1
2015-11-01	295.0541	4363931279	528772857.1
2015-11-02	318.4768	4711513932	578077767.5
2015-11-03	362.529	5364740395	898759143.7
2015-11-04	371.0185	5491806562	903257276.7
2015-11-05	354.9557	5255349860	836842733.8
2015-11-06	346.9636	5138253345	716812222.5
2015-11-07	360.3513	5337856781	430810911.3
2015-11-08	346.0835	5127780786	246083597.3
2015-11-09	354.002	5246433541	390731152.1
2015-11-10	314.1469	4656890085	578615012.6
2015-11-11	284.6294	4220527438	532739798.2
2015-11-12	312.6611	4637420701	505989163.9
2015-11-13	313.2047	4646736250	385195788
2015-11-14	307.7649	4567154175	121745667
2015-11-15	298.4862	4430632145	221477701.7
2015-11-16	310.0705	4603500437	224063694.7
2015-11-17	314.8307	4675771107	222305754.8
2015-11-18	314.6479	4674283343	174450031.7
2015-11-19	303.3226	4506994683	192289562
2015-11-20	301.8813	4486907044	116050919.7
2015-11-21	305.3667	4540054681	187778673.7
2015-11-22	303.8134	4518236931	156937929
2015-11-23	303.5474	4515571122	177466641
2015-11-24	300.5307	4471799144	97491195.73
2015-11-25	309.0213	4599326244	672900690.8
2015-11-26	336.2552	5006116979	1168108729
2015-11-27	339.7956	5059887785	847770023.6
2015-11-28	336.2342	5008233627	630331161.6
2015-11-29	350.7679	5225985712	870506233
2015-11-30	357.8678	5333241197	1228979520
2015-12-01	341.9388	5097298789	492113501.6
2015-12-02	338.1835	5042662623	1087318455
2015-12-03	330.2559	4925618133	1052025982
2015-12-04	333.3923	4973671354	955706951.1
2015-12-05	359.0129	5357468729	1310835907
2015-12-06	362.298	5407913557	1390878923
2015-12-07	364.0043	5434720701	1183576850
2015-12-08	379.0008	5660291673	876036767.5
2015-12-09	378.6865	5657207091	1387266457
2015-12-10	381.0527	5694546812	1166105782
2015-12-11	411.7622	6155124306	1477599308
2015-12-12	395.6173	5915200637	1587746508
2015-12-13	396.4522	5929289547	1350278647
2015-12-14	403.0261	6029592877	1361210885
2015-12-15	425.4676	6367303458	1423033703
2015-12-16	416.2083	6230378121	822200482.1
2015-12-17	421.2681	6307836832	1202151875
2015-12-18	426.7863	6392287835	1044593583
2015-12-19	425.0845	6368382183	512380702
2015-12-20	406.0081	6084244533	1082176064
2015-12-21	401.1749	6013381075	1298321333
2015-12-22	398.3913	5973090721	1183933298
2015-12-23	405.9181	6087513154	876284236.1
2015-12-24	414.8429	6222840550	1293727674
2015-12-25	415.3601	6232291388	964926604.6
2015-12-26	380.1347	5705327672	1572216152
2015-12-27	386.4047	5801441525	1256720425
2015-12-28	383.4817	5759003539	1194934224
2015-12-29	395.4328	5940082778	1076287137
2015-12-30	390.4924	5867489991	1123183982
2015-12-31	397.2716	5970723990	1207125811
2016-01-01	400.0261	6013482354	1232767637
2016-01-02	399.9543	6013862838	708943153.4
2016-01-03	396.0832	5957111132	906139805.9
2016-01-04	400.2754	6021973276	943558143.8
2016-01-05	401.879	6047625897	705155835.2
2016-01-06	400.0025	6020767630	772792953.8
2016-01-07	417.8042	6288715703	1499322546
2016-01-08	416.2324	6268397509	1374706423
2016-01-09	410.7807	6187897770	993794433.3
2016-01-10	409.0893	6164239390	1245085774
2016-01-11	412.794	6221796286	1088933211
2016-01-12	410.5993	6190441406	818439655.5
2016-01-13	397.2488	5990631079	1456623649
2016-01-14	395.013	5958267463	1165314834
2016-01-15	335.2771	5057311394	1444727171
2016-01-16	351.8625	5309675498	1564111018
2016-01-17	353.8125	5339101388	1351935442
2016-01-18	353.4437	5336372507	1245986100
2016-01-19	347.4078	5246448373	1060613489
2016-01-20	384.5954	5809525044	1537336930
2016-01-21	375.2179	5669139110	1366046048
2016-01-22	349.7053	5285209853	1508229885
2016-01-23	360.8617	5454262208	699585754.9
2016-01-24	373.3592	5645863151	1350839370
2016-01-25	361.7162	5471201683	1228250974
2016-01-26	361.191	5464431550	1133257063
2016-01-27	361.9085	5475286553	939113315.1
2016-01-28	347.1125	5254484891	1046972569
2016-01-29	349.704	5295139285	1271984119
2016-01-30	348.01	5271150866	855681494
2016-01-31	336.4142	5097053596	734234270.6
2016-02-01	340.6754	5162978271	944232598.9
2016-02-02	341.5557	5177847790	613270135.7
2016-02-03	331.4496	5026143166	631623517.8
2016-02-04	346.8504	5261148265	954247541.8
2016-02-05	345.5643	5243255763	984734941.4
2016-02-06	335.958	5099120130	877814578.3
2016-02-07	336.5935	5110288740	493961743.4
2016-02-08	331.4103	5032838242	484215250.4
2016-02-09	331.1144	5029826405	412204045
2016-02-10	336.699	5116023460	721649973.5
2016-02-11	333.0493	5062099573	445156885.1
2016-02-12	340.067	5170268146	584809364
2016-02-13	346.864	5274968966	657590257.7
2016-02-14	359.1947	5463935078	1172312897
2016-02-15	357.9043	5445666034	1244033851
2016-02-16	365.2722	5559031953	997778609.2
2016-02-17	374.6766	5703589479	1165030147
2016-02-18	379.5151	5778923867	1301509329
2016-02-19	376.7423	5737983019	540708305.1
2016-02-20	396.3079	6037522979	1244522378
2016-02-21	394.399	6009743502	1354891357
2016-02-22	396.9266	6049488848	1057776158
2016-02-23	381.5043	5815737388	1329843727
2016-02-24	384.1125	5856640110	1322840234
2016-02-25	383.8394	5853982669	1284831720
2016-02-26	390.586	5958233196	53347751.31
2016-02-27	395.2814	6031282657	544389595
2016-02-28	395.8996	6042051438	499565262.1
2016-02-29	401.7195	6132218039	1698406420
2016-03-01	397.1041	6062905978	2315931513
2016-03-02	390.5504	5964602874	1888332579
2016-03-03	383.4209	5857022642	2498382431
2016-03-04	371.8567	5681765855	2187930237
2016-03-05	360.9419	5516401387	2513480764
2016-03-06	367.9152	5624301267	2291351288
2016-03-07	375.6325	5743580569	2143613216
2016-03-08	374.1256	5721951752	1676045513
2016-03-09	374.6807	5731996487	1549551572
2016-03-10	372.3311	5697550116	1937458471
2016-03-11	375.9791	5754848898	2188247533
2016-03-12	368.4187	5640462666	2055551057
2016-03-13	370.016	5666101260	1655582196
2016-03-14	373.39	5719195961	1624635380
2016-03-15	374.1462	5732247162	1900368394
2016-03-16	371.4848	5692967412	1690584009
2016-03-17	369.8212	5668776528	1540780703
2016-03-18	362.2599	5554096335	2163878518
2016-03-19	360.9125	5534647324	1565995637
2016-03-20	365.3427	5603946007	1277584270
2016-03-21	365.6872	5610501013	2001899718
2016-03-22	371.2017	5696479848	1819671504
2016-03-23	373.933	5739796763	1775641797
2016-03-24	371.1693	5698701451	1808354972
2016-03-25	372.3078	5717502962	1731792165
2016-03-26	373.158	5732070709	1436534619
2016-03-27	381.0561	5854726922	2084043957
2016-03-28	377.5452	5802293968	1924711889
2016-03-29	368.0432	5657771695	2375285317
2016-03-30	364.0863	5598291073	2106599287
2016-03-31	364.9301	5612415103	1258386286
2016-04-01	365.7336	5626143972	392573601.5
2016-04-02	368.3456	5667632452	556204273.2
2016-04-03	367.0811	5648928455	376993005.5
2016-04-04	368.2425	5668853930	461458052.3
2016-04-05	371.3027	5717383953	475763656.6
2016-04-06	369.993	5698669185	462549389.5
2016-04-07	370.2353	5703687682	522224747.3
2016-04-08	367.1272	5657163985	638563492.8
2016-04-09	365.0411	5625474998	694099247.8
2016-04-10	369.222	5692498646	425073488.6
2016-04-11	370.419	5712388827	622768334.8
2016-04-12	374.3318	5774105448	1038343098
2016-04-13	376.1655	5803923328	696706745.2
2016-04-14	377.2351	5821954176	547292143.5
2016-04-15	381.0475	5882163574	745937775.1
2016-04-16	381.8832	5896372079	659203724.7
2016-04-17	379.0033	5853374341	468329606.5
2016-04-18	378.8145	5851774870	485598535.3
2016-04-19	384.2286	5936831367	593940694.3
2016-04-20	391.0603	6044012914	974894030.8
2016-04-21	399.5665	6176948469	1187229067
2016-04-22	398.659	6164404318	1108612939
2016-04-23	402.5201	6225516749	743960326.5
2016-04-24	409.5601	6335761640	1433664885
2016-04-25	408.8544	6325222881	1427148576
2016-04-26	414.1031	6408887332	1131287491
2016-04-27	392.6673	6078460354	1186598679
2016-04-28	395.8611	6129226273	1319010964
2016-04-29	398.7739	6175901113	596800607.8
2016-04-30	391.2074	6060086251	504694106.4
2016-05-01	395.0476	6121183552	344434339.7
2016-05-02	385.5996	5976225041	589731946.7
2016-05-03	391.5714	6070306261	400351377
2016-05-04	389.1934	6035046917	374884661.4
2016-05-05	393.6979	6106431593	480518762.4
2016-05-06	404.7641	6279712629	782138182.4
2016-05-07	402.6843	6248965706	366825592.5
2016-05-08	402.8899	6253787967	562189625.1
2016-05-09	405.6688	6298687615	784136751.9
2016-05-10	395.914	6148752275	985634276.7
2016-05-11	395.8095	6148504773	588686757.6
2016-05-12	399.7222	6210703669	612693045.7
2016-05-13	403.2871	6267605807	433183899
2016-05-14	402.8529	6262277831	478116823.9
2016-05-15	405.0881	6298461687	455424310.2
2016-05-16	402.0676	6252864850	574185986
2016-05-17	399.9895	6222016668	403337276.3
2016-05-18	403.1942	6273409436	340446117
2016-05-19	393.2379	6119656678	559612586
2016-05-20	393.7549	6129188773	574052256.4
2016-05-21	394.875	6147976697	340985657.8
2016-05-22	391.0235	6089780438	329796723.8
2016-05-23	395.0471	6154231371	337823030.7
2016-05-24	399.9025	6231170782	380299462.9
2016-05-25	402.5284	6273676821	532391781.2
2016-05-26	405.3769	6319450897	690531994.2
2016-05-27	426.3226	6647435141	1448397569
2016-05-28	475.6949	7418878199	2077986823
2016-05-29	470.4957	7338168522	2031989675
2016-05-30	479.5691	7482788603	922145099.2
2016-05-31	477.3661	7449954369	877545320.6
2016-06-01	482.059	7524832527	772670346.1
2016-06-02	483.1766	7544041606	587885454
2016-06-03	501.8448	7837247511	833600029.2
2016-06-04	504.5423	7880887658	892703495.7
2016-06-05	505.6410344	7900173444	863146142.2
2016-06-06	515.6172	8058246068	748723310.8
2016-06-07	508.7368928	7952524234	876426676.9
2016-06-08	511.5319	7998095387	549065977.4
2016-06-09	510.3863	7982275856	504358090.7
2016-06-10	514.7411758	8052173423	510546831.2
2016-06-11	531.377112	8314470956	504611663.4
2016-06-12	597.0253463	9343864587	1897472358
2016-06-13	623.8406124	9766131210	1708977420
2016-06-14	611.9822866	9582510440	1155937922
2016-06-15	615.4476	9639047994	986920370.7
2016-06-16	681.4366	10675164309	2043322023
2016-06-17	664.5998	10413846876	1852672797
2016-06-18	671.1446503	10519017891	1454364079
2016-06-19	676.2518	10602089751	1274664145
2016-06-20	648.7808834	10174019618	1126064718
2016-06-21	591.0691989	9271230697	2325580749
2016-06-22	522.3527	8195087040	1867768507
2016-06-23	547.36456	8589408885	2591636886
2016-06-24	595.3721446	9344663495	2538023032
2016-06-25	600.1459037	9422035626	1951090790
2016-06-26	567.2399	8907467417	1778784387
2016-06-27	588.6303	9245483680	1719172931
2016-06-28	584.0915	9176427920	1406633244
2016-06-29	572.9908	9004063380	1328744004
2016-06-30	605.0589	9510179652	1403108716
2016-07-01	608.448	9565958611	1365236456
2016-07-02	621.4688	9771851117	1228116607
2016-07-03	596.960504	9389830552	1778767255
2016-07-04	608.7265909	9577232418	1477390894
2016-07-05	603.1554787	9491706979	1232144035
2016-07-06	609.0368	9586421943	1075222180
2016-07-07	577.3125	9089063672	1918791443
2016-07-08	602.2990345	9484553472	1273297289
2016-07-09	591.5566664	9317336936	1569327059
2016-07-10	588.3514	9267911292	944477266.9
2016-07-11	586.8362	9245092610	876412336.2
2016-07-12	606.9424	9562846072	982094287.7
2016-07-13	593.1071	9345799721	838966282.3
2016-07-14	593.4931	9352879129	816241180
2016-07-15	603.0329641	9504209576	829361517.7
2016-07-16	601.1983	9476426680	529091056.1
2016-07-17	613.4686752	9670965583	794609895.9
2016-07-18	609.3330653	9606815791	858876694.7
2016-07-19	612.1271378	9651815035	654406078.5
2016-07-20	609.1712028	9605850129	652385561.8
2016-07-21	603.2770391	9514332860	590920896.8
2016-07-22	593.0235	9353548549	678552339
2016-07-23	596.992	9417066430	683093196.1
2016-07-24	602.2331167	9500658615	572437185.4
2016-07-25	595.3167648	9392462619	520169177.4
2016-07-26	592.627	9350950019	640868932.1
2016-07-27	592.762938	9353998331	634455108.3
2016-07-28	591.9104438	9341490375	532693305.6
2016-07-29	588.1570499	9283299134	445996414.9
2016-07-30	585.6388841	9244417544	341122544.6
2016-07-31	558.1290648	8811194708	925834858.7
2016-08-01	542.3556	8563180977	984162825.6
2016-08-02	459.9444934	7262847352	1662222013
2016-08-03	508.8272604	8035760346	2239507667
2016-08-04	518.0781654	8182808379	1488152736
2016-08-05	519.5824	8207602087	658782734.1
2016-08-06	530.04	8373851781	704903357.6
2016-08-07	534.3374	8442686947	1009000480
2016-08-08	532.7392	8418400243	661006947.8
2016-08-09	526.2906	8317262969	687113784.3
2016-08-10	529.3088197	8365952439	703523736.3
2016-08-11	527.4728	8337832176	298704304.5
2016-08-12	525.4136	8306246789	297538193.3
2016-08-13	523.6018379	8278647715	473835478.5
2016-08-14	511.1803	8083226608	717155274.1
2016-08-15	507.469198	8025438618	616377519.4
2016-08-16	512.59476	8107340200	589940687.1
2016-08-17	506.0142677	8004002123	451439626.3
2016-08-18	504.0539655	7973926063	394741686.3
2016-08-19	506.2500095	8009553526	356985622.3
2016-08-20	513.7476046	8129174252	396461676.4
2016-08-21	512.9735118	8117910471	351516257.1
2016-08-22	516.8641	8180465999	346206560.1
2016-08-23	514.7823	8148431371	532660491.8
2016-08-24	512.932379	8120103232	325511096.6
2016-08-25	510.4246	8081174978	355549972
2016-08-26	516.2177	8173735310	302014849.9
2016-08-27	507.709	8039880702	397640879.7
2016-08-28	512.1325	8110863644	303368393.5
2016-08-29	511.5990681	8103336330	340812887.5
2016-08-30	516.8014	8186679918	371922685.7
2016-08-31	512.2053781	8114771462	300540520.9
2016-09-01	510.4584	8087927491	318401414.9
2016-09-02	514.4426	8152017946	339249991.7
2016-09-03	534.3696	8468595372	503269705
2016-09-04	545.5373	8646750930	792673984.9
2016-09-05	544.0381	8623863465	554388420.1
2016-09-06	542.8979	8606708077	498143174.4
2016-09-07	546.3512239	8662444548	531052309.8
2016-09-08	555.1962	8803641767	1420863275
2016-09-09	553.7198	8781194242	756919952.9
2016-09-10	554.7404	8798384670	522454023.2
2016-09-11	538.6701695	8544590923	1093386482
2016-09-12	538.9780423	8550535227	866400562.9
2016-09-13	540.8973	8582028013	623940324.9
2016-09-14	540.9202	8583397462	550415507.4
2016-09-15	538.364	8543830220	488132348.1
2016-09-16	543.5627112	8627272980	489822862.9
2016-09-17	542.4967	8611408167	475952361.3
2016-09-18	545.5345	8660578401	1170333360
2016-09-19	544.4085201	8643584962	1138661735
2016-09-20	545.0027246	8653967464	854773046.7
2016-09-21	532.3832228	8454665095	1419896011
2016-09-22	530.6735	8428404882	887475749
2016-09-23	536.0165	8514146120	1310586075
2016-09-24	535.4632	8506424083	1011712720
2016-09-25	533.387	8474619073	955959624.9
2016-09-26	538.6011542	8558439126	1704190251
2016-09-27	538.5357	8558465352	1291003303
2016-09-28	537.9476	8550113333	912088268.2
2016-09-29	538.8179	8564870451	1150585398
2016-09-30	541.1667	8603134838	1047542934
2016-10-01	546.3290972	8686219621	1489244300
2016-10-02	543.0972	8635773370	906129746.4
2016-10-03	545.716105	8678385697	684703863.8
2016-10-04	543.6628	8646763290	729102504.2
2016-10-05	545.6713	8679781649	816352136.5
2016-10-06	548.1407	8720107289	641120356.3
2016-10-07	550.0677	8751733326	985965785.4
2016-10-08	550.3489	8757336614	707885838.4
2016-10-09	549.0434	8737610634	805613713
2016-10-10	550.9166	8768022797	1142675097
2016-10-11	579.2569	9220263780	2709573474
2016-10-12	577.1396	9187566092	2247862360
2016-10-13	573.9839903	9138220026	1899131566
2016-10-14	581.6053	9260484763	1523374357
2016-10-15	580.7202	9247388465	1498697257
2016-10-16	583.2801	9289048231	1324806125
2016-10-17	579.2803	9226239046	1078772124
2016-10-18	578.8077	9219774603	1843795017
2016-10-19	572.4751	9119789392	1781613456
2016-10-20	575.0535	9161747762	1649734777
2016-10-21	578.4596	9217172953	1178931220
2016-10-22	599.0076	9545619788	3236181333
2016-10-23	596.9439	9513814896	3348048132
2016-10-24	596.6054	9509443815	2954459907
2016-10-25	599.3647	9554367195	2295422113
2016-10-26	617.3555	9841703583	4446968843
2016-10-27	627.077	9998419193	4626163794
2016-10-28	625.94	9980921262	4615208139
2016-10-29	651.0591121	10383114158	6223285903
2016-10-30	628.456076	10023492312	5249432484
2016-10-31	636.6361	10155020629	6252889329
2016-11-01	659.3836	10519568576	5319196993
2016-11-02	661.4081	10552914391	4098608135
2016-11-03	617.6609	9856052041	9425339320
2016-11-04	629.9503	10053054303	5319943895
2016-11-05	631.7638	10083101871	1925920724
2016-11-06	642.3379	10253054086	2414217549
2016-11-07	639.1902	10203907072	2987101322
2016-11-08	642.8668	10263779897	2785527547
2016-11-09	660.4544	10545876961	3996811570
2016-11-10	655.0871154	10461487059	2973602963
2016-11-11	658.9859	10525046021	3293328826
2016-11-12	648.1981	10354077912	5795139102
2016-11-13	648.0900157	10353432427	3432889491
2016-11-14	656.6554	10497802132	4965984905
2016-11-15	664.016893	10616791466	7021069296
2016-11-16	692.4074186	11072252410	9285828802
2016-11-17	694.9835	11114818992	5153331020
2016-11-18	706.7763	11304727894	3765789815
2016-11-19	708.6497454	11335941872	3055097938
2016-11-20	687.6917	11001812163	4757838647
2016-11-21	692.5357	11080492943	3002204905
2016-11-22	704.0207	11265413280	3074618334
2016-11-23	702.2920493	11239033895	3577362773
2016-11-24	697.7816975	11168292625	3597974647
2016-11-25	696.7906346	11153754145	2342443029
2016-11-26	691.6427	11072629022	2257784689
2016-11-27	686.4221	10990338564	2535396026
2016-11-28	689.5053636	11041092137	2309893682
2016-11-29	687.133	11004391706	1788066407
2016-11-30	700.4897	11219515866	4235886930
2016-12-01	706.215	11312540288	5178988613
2016-12-02	722.973	11582234953	4325585400
2016-12-03	717.0316219	11488593989	2689710341
2016-12-04	725.7129	11629049932	3330434458
2016-12-05	698.831	11199622843	3300609828
2016-12-06	707.7627	11344109026	3038349009
2016-12-07	710.0972	11383053393	2420500797
2016-12-08	723.9539	11606591814	2527198300
2016-12-09	728.8472	11686226678	2946120923
2016-12-10	731.9595935	11737338062	6202399422
2016-12-11	728.4475	11682758690	5223109024
2016-12-12	731.6898115	11736185311	5934572884
2016-12-13	732.3003	11747588508	2654683822
2016-12-14	736.7087	11816255016	1480043457
2016-12-15	744.3169	11942843779	1291664110
2016-12-16	748.912	12017874742	1691446926
2016-12-17	754.8019	12113721343	1683600840
2016-12-18	754.7189	12113700233	1406660698
2016-12-19	759.6067	12193614657	1060247529
2016-12-20	769.6677	12356437673	1823085064
2016-12-21	792.6550248	12727067241	5802158111
2016-12-22	823.5442	13224626766	7621026934
2016-12-23	877.0188	14085009630	5400590822
2016-12-24	853.125	13702723125	4441412899
2016-12-25	855.0827916	13735943079	3845705283
2016-12-26	863.3862	13870903673	4600338649
2016-12-27	888.1291	14270125330	4395039125
2016-12-28	937.8981	15071705457	4708983605
2016-12-29	926.0435	14882908110	3618477029
2016-12-30	913.0796	14676384951	4162865622
2016-12-31	918.5690624	14766307236	3213643748
2017-01-01	948.7433	15253265761	3299360774
2017-01-02	973.7802	15657630936	4246753043
2017-01-03	994.3156	15989912316	4224317755
2017-01-04	1078.339639	17343138060	8301134380
2017-01-05	934.2619	15027602661	11413656530
2017-01-06	848.6308	13651902464	10169196587
2017-01-07	854.5528	13748696616	7117446916
2017-01-08	862.1537	13872764310	4495553855
2017-01-09	852.6842589	13721852986	3850535553
2017-01-10	858.3340891	13814446838	3048379390
2017-01-11	741.0161	11927728603	4968534567
2017-01-12	753.2917	12126913137	3151863439
2017-01-13	775.2239	12481443563	1749093508
2017-01-14	768.4652	12374249306	1131783436
2017-01-15	773.7139	12460400844	869717575
2017-01-16	781.4939	12587336252	784372917.4
2017-01-17	844.0353	13596384868	1229271453
2017-01-18	821.824	13240139371	1079519105
2017-01-19	841.4353	13557899738	821704196.6
2017-01-20	833.0415	13424598725	573574214
2017-01-21	859.6971	13856092356	638914630.1
2017-01-22	858.382834	13836841151	775628435.3
2017-01-23	853.6122	13761402381	433837389
2017-01-24	825.4107	13308271703	352855107.6
2017-01-25	831.1325	13402104649	355301121.9
2017-01-26	857.0327	13821387779	54631309.38
2017-01-27	858.4133	13845465718	45832506.69
2017-01-28	860.2163	13876202469	20454806.36
2017-01-29	853.2889	13766226724	18937746.53
2017-01-30	860.6615392	13886687868	28189997.23
2017-01-31	897.0729	14475807030	94292057.44
2017-02-01	916.3134813	14788531718	86176404.82
2017-02-02	937.0508979	15125079101	86670071.7
2017-02-03	941.2705	15194906150	128301347.7
2017-02-04	958.1295	15468785198	91781708.52
2017-02-05	943.323434	15231642560	69835650.89
2017-02-06	953.2265914	15393024236	68305539.69
2017-02-07	984.8361	15904438251	83849502.76
2017-02-08	986.5853	15935362269	153617425.7
2017-02-09	921.4008	14884400663	313462004.4
2017-02-10	933.3161	15078666111	145871879.1
2017-02-11	950.3443	15355389500	57521106.26
2017-02-12	941.1276606	15208128903	34284310.45
2017-02-13	940.121553	15193821486	71496642.58
2017-02-14	955.0120882	15436457264	74961530.04
2017-02-15	952.4293	15396400606	36249400.4
2017-02-16	970.0111	15682399346	62608633.13
2017-02-17	995.3532058	16093990404	88549122.7
2017-02-18	997.1344284	16124660841	51808546.6
2017-02-19	992.0908	16044786881	35293644.58
2017-02-20	1020.185807	16500408727	52773199.54
2017-02-21	1067.971635	17273293130	149152039
2017-02-22	1064.0754	17210275714	94038092.99
2017-02-23	1120.537106	18123483105	125009133.8
2017-02-24	1118.8893	18105726791	287517567.2
2017-02-25	1088.364091	17614015889	111910692
2017-02-26	1118.1312	18098364554	84620428.61
2017-02-27	1126.95706	18243222581	82650073.25
2017-02-28	1125.7829	18226354227	132271290.3
2017-03-01	1163.45436	18838362126	100079993.8
2017-03-02	1201.2222	19452276385	165912445.9
2017-03-03	1213.894039	19659726524	143539581.5
2017-03-04	1194.403611	19346008507	114495819.1
2017-03-05	1202.8195	19484623433	58518528.13
2017-03-06	1210.6022	19612784652	61648076.84
2017-03-07	1166.953853	18907875543	202503327.3
2017-03-08	1090.6584	17673655842	235824169.1
2017-03-09	1126.523269	18256900229	141379733
2017-03-10	1030.624146	16704716869	390777885.4
2017-03-11	1106.522483	17936923091	158381871.2
2017-03-12	1152.2681	18680743277	97957612.69
2017-03-13	1167.223384	18925257238	123366632
2017-03-14	1175.291821	19058414645	81844582.37
2017-03-15	1172.7699	19019615161	67809547.75
2017-03-16	1133.769855	18388570191	128149888.3
2017-03-17	999.3895546	16211609652	264237229.2
2017-03-18	895.2018	14523306402	319089023.6
2017-03-19	952.8027512	15459748680	165136923.2
2017-03-20	965.4624471	15666800494	95002139.61
2017-03-21	1029.089641	16701133859	138743015.9
2017-03-22	963.3767018	15636567247	174961336.6
2017-03-23	954.423163	15492995633	76092028.63
2017-03-24	870.2786205	14129027361	149797448.2
2017-03-25	893.3094086	14504441539	176253902.1
2017-03-26	879.8356637	14287453380	120286054.1
2017-03-27	959.6255406	15584762126	127282156.6
2017-03-28	966.0406	15690817841	118030310
2017-03-29	964.8627158	15673302320	112564585.7
2017-03-30	965.4155187	15684333599	95876622.02
2017-03-31	1011.340638	16432047271	125013305.1
2017-04-01	1017.6627	16536522256	82285270.22
2017-04-02	1028.9798		75183503.53
2017-04-03	1067.97546	17358485456	123515330.9
2017-04-04	1067.955658	17359872325	101339396.6
2017-04-05	1061.336565	17254413868	81956721.24
2017-04-06	1121.7103	18237999939	120519604.9
2017-04-07	1123.383275	18267447779	85771118.81
2017-04-08	1116.3045	18154306033	41450221.59
2017-04-09	1121.3475	18237076556	38852477.04
2017-04-10	1142.1996	18579761123	71758324.88
2017-04-11	1156.6293	18816926804	74397809.08
2017-04-12	1142.1309	18583012255	78348366.11
2017-04-13	1106.1499	17999395062	123779761.1
2017-04-14	1115.6435	18155814972	87552376.82
2017-04-15	1112.6671	18109421455	50268681.81
2017-04-16	1118.2443	18202262968	34211956.58
2017-04-17	1132.6755	18439164267	78365850.89
2017-04-18	1134.8973	18477319686	79251931.39
2017-04-19	1143.8965	18625952320	66581185.57
2017-04-20	1170.2247	19056684448	104970151.2
2017-04-21	1170.0939	19056923858	85326652.35
2017-04-22	1165.1361	18978319365	78374925.61
2017-04-23	1146.4531	18676179580	77561474.72
2017-04-24	1150.145	18738133586	64883740.45
2017-04-25	1155.6003	18829149058	85104451.14
2017-04-26	1180.0978	19230445373	111760511.4
2017-04-27	1224.7383	19960233681	124187125.9
2017-04-28	1212.3827	19760882652	148122467.8
2017-04-29	1218.5231	19863647085	79223309.6
2017-04-30	1237.9148	20182096359	79093130.71
2017-05-01	1292.1772	21068981550	199783794.2
2017-05-02	1319.4436	21516397688	173054394.4
2017-05-03	1364.714	22256881801	189351689.3
2017-05-04	1365.4207	22271240496	305089978.4
2017-05-05	1369.4907	22339867715	294908965.5
2017-05-06	1407.4885	22962699146	123222008.9
2017-05-07	1417.9233	23135864557	136395999.9
2017-05-08	1494.9755	24396467810	252745758.6
2017-05-09	1562.3441	25498841511	352797940.4
2017-05-10	1607.9672	26246465909	265552244.1
2017-05-11	1664.9248	27178918384	288431867.3
2017-05-12	1555.5039	25395758651	226836185.6
2017-05-13	1602.2409	26161889314	225644043.9
2017-05-14	1617.9113	26421138694	114387903.9
2017-05-15	1544.5887	25226956328	210397354
2017-05-16	1547.4506	25276347474	196736428.7
2017-05-17	1616.6566	26409923700	243384082.8
2017-05-18	1700.9591	27789652328	207183828.7
2017-05-19	1760.262	28762570183	249686587.9
2017-05-20	1823.4813	29799285818	244685614.6
2017-05-21	1832.7972	29954755411	236009456.7
2017-05-22	1875.6082	30658035174	515744996
2017-05-23	2049.3207	33500757813	348065057.7
2017-05-24	2182.3842	35680371070	494775975.8
2017-05-25	2126.7437	34775874959	799484781.9
2017-05-26	2023.1245	33085520558	640296193.7
2017-05-27	1861.8404	30451703030	610635943.4
2017-05-28	1984.9692	32469729180	359402033.2
2017-05-29	2052.4132	33576864228	280417308.1
2017-05-30	1939.9956	31742062508	300485777.5
2017-05-31	2072.3549	33912015584	370458223.6
2017-06-01	2173.6651	35574446477	391349036.4
2017-06-02	2228.1361	36469991312	259478939.5
2017-06-03	2271.2765	37181591252	270159328.4
2017-06-04	2266.5547	37108570722	225617341.3
2017-06-05	2418.6351	39603638116	297190735.3
2017-06-06 23:29:55 UTC	2573.4055	42142762700	1073879809
2017-06-07	2412.5392	39513290779	637702790
2017-06-08 23:39:21 UTC	2520.8052	41291638687	518530833.5
2017-06-09	2517.8864	41248707424	351450408.7
2017-06-10	2623.6309	42985699847	316800475.7
2017-06-11	2689.0519	44062535528	312471346.1
2017-06-12	2413.9005	39558337571	708138560.4
2017-06-13	2441.1784	40009632357	365869995.4
2017-06-14	2233.201663	36604881903	504442855.1
2017-06-15	2193.109312	35951886587	758708165.5
2017-06-16	2247.48471	36847511826	361808085.9
2017-06-17	2396.939089	39302130851	345411185.1
2017-06-18	2300.224979	37720439432	285999180.9
2017-06-19	2349.520898	38533317492	275954259.1
2017-06-20	2494.571694	40916526209	414643096.8
2017-06-21	2433.081717	39912150834	400384922.4
2017-06-22	2443.862043	40093174648	245573845.7
2017-06-23	2445.946287	40132475187	167766937.1
2017-06-24	2339.335406	38387118489	281036736.3
2017-06-25	2328.262548	38209261020	285873457
2017-06-26	2225.39856	36524743318	483001103.9
2017-06-27	2231.599307	36630586826	457309232.3
2017-06-28	2263.598614	37160224043	308681554.4
2017-06-29	2238.963369	36758964749	209636638.3
2017-06-30	2179.708192	35790372578	183872371.4
2017-07-01	2135.587135	35070370610	181674294.7
2017-07-02	2204.25134	36203146416	198483371.1
2017-07-03	2266.818339	37235578618	267965900.9
2017-07-04	2299.748387	37780956424	242130515.9
2017-07-05	2296.44919	37730974808	209905101.9
2017-07-06	2287.340707	37585468123	153529395.1
2017-07-07	2200.484001	36162368992	228633119.1
2017-07-08	2248.614528	36957834878	156314426.4
2017-07-09	2209.809631	36323911546	103398956.5
2017-07-10	2073.873925	34094564066	340049449.3
2017-07-11	2052.287611	33744147983	366806088.2
2017-07-12	2091.209408	34388656806	275782999.4
2017-07-13	2074.755747	34122211055	204500232.7
2017-07-14	1943.433676	31965814766	279136360.5
2017-07-15	1773.013562	29165562474	404553896.8
2017-07-16	1680.09507	27640504068	419149396.8
2017-07-17	1900.580738	31271395223	431448314.9
2017-07-18	1994.615248	32822590681	631416133
2017-07-19	1973.199915	32473986932	501096918.7
2017-07-20	2379.502804	39165426408	1099083999
2017-07-21	2278.578899	37508712618	734348522.8
2017-07-22	2402.368773	39551278173	541234030.4
2017-07-23	2340.118716	38531486810	456504287.8
2017-07-24	2362.933902	38912410334	306575984.2
2017-07-25	2201.290345	36254452919	681215504.1
2017-07-26	2136.852652	35197140675	496884992.2
2017-07-27	2267.386481	37351648350	375174115
2017-07-28	2382.279547	39248798802	1062937963
2017-07-29	2315.174239	38147732515	733980685.2
2017-07-30	2330.236907	38400207008	317330428.5
2017-07-31	2426.949159	39998153502	370314519.4
2017-08-01	2319.04746	38224423306	631398572.4
2017-08-02	2276.408821	37525859589	348141219
2017-08-03	2338.399428	38551816387	285508497.2
2017-08-04	2417.102991	39854825659	312621330.5
2017-08-05	2749.338016	45339022545	905609702.9
2017-08-06	2706.350828	44634861805	415251246.5
2017-08-07	2846.624126	46953783982	589851583.8
2017-08-08	2900.202413	47843368911	682877756.1
2017-08-09	2831.782772	46719706476	543183903.2
2017-08-10	2862.47709	47230871982	360882884
2017-08-11	3013.268709	49724243070	542442951.9
2017-08-12	3215.032973	53059013747	836266880
2017-08-13	3403.30721	56172647325	1310753582
2017-08-14	3545.169478	58519800599	925093628.9
2017-08-15	3535.115629	58360605273	1625936282
2017-08-16	3619.296044	59756068837	1490751928
2017-08-17	3639.978724	60097548412	1506493790
2017-08-18	3484.278629	57541380733	1288269360
2017-08-19	3499.205906	57794459383	1454098550
2017-08-20	3404.129285	56229788790	469454546.2
2017-08-21	3332.411736	55049898965	603469922.3
2017-08-22	3407.198275	56289000709	1192015320
2017-08-23	3445.029817	56920763533	678788932.3
2017-08-24	3530.523223	58338012689	581903527.7
2017-08-25	3521.92026	58200348641	578055938.7
2017-08-26	3458.67931	57159777157	337160598.5
2017-08-27	3444.249394	56927800803	291679809.4
2017-08-28	3523.012353	58235524543	544830935.5
2017-08-29	3669.50874	60663720360	722137800.1
2017-08-30	3828.407916	63298800780	566918201.3
2017-08-31	3947.792085	65280737294	567159410.1
2017-09-01	4099.841952	67803850373	766429599.6
2017-09-02	3842.487773	63555708392	1243920071
2017-09-03	3899.412227	64504806243	847789617.9
2017-09-04	3629.289217	60044231059	1306879211
2017-09-05	3730.477738	61727562296	1364554493
2017-09-06	3851.171297	63732456119	888963128.2
2017-09-07	3812.37434	63098703012	557029841.7
2017-09-08	3560.03077	58929812336	1227860660
2017-09-09	3527.802508	58403871194	654625246.6
2017-09-10	3439.653976	56950564135	829928326.1
2017-09-11	3482.215827	57662750101	645022960.3
2017-09-12	3450.744761	57149768165	887577343.6
2017-09-13	3267.114479	54116402549	1300086317
2017-09-14	2601.733441	43100672614	1637009061
2017-09-15	3003.718343	49766581721	2769441687
2017-09-16	3019.065407	50027272371	1171855281
2017-09-17	2977.321442	49342141918	709577205.2
2017-09-18	3354.752424	55602545620	1072582816
2017-09-19	3250.397626	53879322386	785857630.2
2017-09-20	3249.445152	53868408129	569428373.3
2017-09-21	3036.623361	50346835744	764711407.3
2017-09-22	3031.115211	50260927911	642541971.5
2017-09-23	3149.297933	52227012132	483739041
2017-09-24	3079.455492	51074423007	360199287.8
2017-09-25	3261.967934	54106545907	675145780.8
2017-09-26	3268.972786	54228211538	461881889
2017-09-27	3518.950655	58381720911	797087449.9
2017-09-28	3509.773044	58237137653	723619394.1
2017-09-29	3496.066073	58017216473	701872920.2
2017-09-30	3637.736402	60374510689	609634921.7
2017-10-01	3681.747052	61110834139	577879641
2017-10-02	3735.351639	62007397511	629303308.2
2017-10-03	3677.950898	61062948067	647770518.7
2017-10-04	3599.101485	59760110892	487682951
2017-10-05	3663.397083	60832998190	608941461.5
2017-10-06	3705.431902	61538608770	531721377.9
2017-10-07	3755.342386	62374967731	399141064.7
2017-10-08	3885.610968	64547427472	656832618.2
2017-10-09	4053.29827	67341193458	961477295.3
2017-10-10	4036.656691	67073035108	960007890.9
2017-10-11	4052.172831	67337841087	705211793.1
2017-10-12	4506.00739	74888153066	1762059338
2017-10-13	4746.393058	78891279889	2685286954
2017-10-14	4804.64532	79867979496	1955779970
2017-10-15	4813.165827	80021346216	1410213986
2017-10-16	4858.197991	80780294366	899091688.5
2017-10-17	4794.938014	79738500564	940317166.5
2017-10-18	4740.246466	78838238640	1780090534
2017-10-19	4806.782151	79955110626	1037463724
2017-10-20	5053.051637	84062880327	1564509796
2017-10-21	5128.275552	85323992215	1496734435
2017-10-22	5108.329523	85004008059	1531491551
2017-10-23	5071.01581	84394000295	1735159923
2017-10-24	4718.801466	78541973024	1904529187
2017-10-25	4826.774771	80350412186	1372253522
2017-10-26	5047.659632	84038545790	1287899711
2017-10-27	4975.035831	82836147549	1147657845
2017-10-28	4939.538175	82250472947	769224440.5
2017-10-29	5275.805541	87859968101	1673994583
2017-10-30	5240.996179	87289839559	1122823550
2017-10-31	5466.710459	91058586106	1545497850
2017-11-01	5775.329574	96210129618	1802484403
2017-11-02	6056.731289	1.0091E+11	3743386529
2017-11-03	6232.813933	1.03852E+11	2435262733
2017-11-04	6367.130861	1.06101E+11	1760482954
2017-11-05	6385.903596	1.06425E+11	1672924029
2017-11-06	6116.646072	1.01948E+11	2285209989
2017-11-07	6175.667041	1.02944E+11	1576929003
2017-11-08	6436.689147	1.07306E+11	3000729552
2017-11-09	6171.667284	1.029E+11	2001625216
2017-11-10	5706.189731	95147786482	3331413383
2017-11-11	5456.368116	90987595579	2698757150
2017-11-12	5030.61714	83892457902	5145956904
2017-11-13	5507.049376	91847533225	3975077563
2017-11-14	5641.538832	94099807109	1547344815
2017-11-15	6194.56781	1.03336E+11	2491853241
2017-11-16	6637.46673	1.10737E+11	2898839444
2017-11-17	6601.261282	1.10139E+11	2752829613
2017-11-18	6638.653387	1.10782E+11	1889184979
2017-11-19	6824.736551	1.13901E+11	1339851640
2017-11-20	7004.219753	1.16911E+11	1453919668
2017-11-21	6913.241895	1.15408E+11	2472450199
2017-11-22	6986.492899	1.16644E+11	1292982903
2017-11-23	6849.539059	1.14371E+11	1308357159
2017-11-24	6938.106396	1.15862E+11	1789647385
2017-11-25	7327.598159	1.22381E+11	1780329337
2017-11-26	7834.198749	1.30856E+11	2928932009
2017-11-27	8261.337713	1.38009E+11	3050086336
2017-11-28	8655.569939	1.44612E+11	2913962628
2017-11-29	8334.018622	1.39257E+11	8656840268
2017-11-30	8744.319544	1.46131E+11	6255163649
2017-12-01	9245.545231	1.54529E+11	4222326552
2017-12-02	9385.813901	1.56892E+11	2672851202
2017-12-03	9484.919474	1.5857E+11	4854645066
2017-12-04	9802.67262	1.63904E+11	2709829321
2017-12-05	10292.3089	1.72114E+11	2647802817
2017-12-06	11765.86195	1.96781E+11	4312768201
2017-12-07	15707.09379	2.6273E+11	14001203312
2017-12-08	14372.66652	2.40437E+11	20523884476
2017-12-09	12966.08126	2.16935E+11	6206146008
2017-12-10	13434.73567	2.24803E+11	8901777256
2017-12-11	14525.97174	2.43094E+11	6547403062
2017-12-12	14690.30805	2.45873E+11	3990753428
2017-12-13	13956.6064	2.33625E+11	3722683129
2017-12-14	14322.26751	2.39779E+11	3496710537
2017-12-15	15292.89283	2.56062E+11	5228074775
2017-12-16	16727.67991	2.80121E+11	4351910265
2017-12-17	16543.87901	2.77081E+11	3620864674
2017-12-18	16284.13387	2.72767E+11	4592516974
2017-12-19	15351.98999	2.57181E+11	5187650405
2017-12-20	14362.00349	2.40621E+11	6321730903
2017-12-21	13789.57565	2.31054E+11	4705440926
2017-12-22	11877.91596	1.99046E+11	10258231450
2017-12-23	12848.93558	2.1534E+11	4279704183
2017-12-24	12188.34458	2.04292E+11	3482824462
2017-12-25	12046.9663	2.01942E+11	2093443191
2017-12-26	14012.64858	2.34918E+11	3588671642
2017-12-27	13759.46252	2.30701E+11	4160443945
2017-12-28	12618.25081	2.1159E+11	4410359691
2017-12-29	12581.51792	2.10999E+11	3127793281
2017-12-30	11345.89764	1.90298E+11	2999236912
2017-12-31	12364.12445	2.07401E+11	2433902413
2018-01-01	11732.674	1.96832E+11	1952568777
2018-01-02	12700.01306	2.13088E+11	3423446756
2018-01-03	12977.10667	2.17762E+11	2756619198
2018-01-04	13237.23336	2.22155E+11	3494320372
2018-01-05	15243.92416	2.5586E+11	5217129715
2018-01-06	15249.52688	2.55986E+11	3525578437
2018-01-07	14154.66542	2.37636E+11	2529408623
2018-01-08	13284.21436	2.2305E+11	4806420099
2018-01-09	13078.59957	2.19624E+11	3531906528
2018-01-10	12969.19288	2.17814E+11	4155582553
2018-01-11	11677.87802	1.96155E+11	4848731095
2018-01-12	12109.6913	2.03434E+11	3299927814
2018-01-13	12454.021	2.09242E+11	2569155397
2018-01-14	11869.42768	1.99444E+11	2735249446
2018-01-15	11751.44205	1.97483E+11	2627977679
2018-01-16	9556.408113	1.60615E+11	7888156721
2018-01-17	9366.090105	1.57436E+11	8390184221
2018-01-18	9456.153823	1.5897E+11	5360364898
2018-01-19	9621.53215	1.6177E+11	3443715985
2018-01-20	10850.40254	1.82455E+11	3698950151
2018-01-21	9548.316146	1.60583E+11	3524070001
2018-01-22	8968.207245	1.50845E+11	4089840373
2018-01-23	8851.048916	1.48894E+11	3883124489
2018-01-24	9100.779191	1.53115E+11	2890993575
2018-01-25	9060.92437	1.52463E+11	2586640487
2018-01-26	8885.903995	1.49535E+11	3714000411
2018-01-27	9216.810171	1.55117E+11	2328548036
2018-01-28	9387.036349	1.58005E+11	2158838152
2018-01-29	9013.741087	1.51738E+11	1894603190
2018-01-30 00:05:18 UTC	8959.992868	1.50832E+11	1874678107
2018-01-31	8055.036506	1.35616E+11	3068062090
2018-02-01	8143.574459	1.37119E+11	2597025880
2018-02-02	7251.909082	1.22119E+11	3813227462
2018-02-03	7088.193004	1.19377E+11	5469406938
2018-02-04	7217.564663	1.2157E+11	2745863687
2018-02-05	6688.544917	1.12674E+11	2684176756
2018-02-06	5536.527103	93280582367	4293432759
2018-02-07	6226.756437	1.04923E+11	7390729402
2018-02-08 00:05:28 UTC	6207.016998	1.04601E+11	3964989920
2018-02-09	6694.197246	1.12822E+11	2602101324
2018-02-10	7061.234055	1.19021E+11	2416162209
2018-02-11	7002.339	1.1804E+11	2753413191
2018-02-12	6670.182865	1.12454E+11	2292081615
2018-02-13	7247.114688	1.22195E+11	2496015437
2018-02-14	6895.845475	1.16287E+11	2065544047
2018-02-15	7569.978605	1.27671E+11	2635268954
2018-02-16	8089.083194	1.36439E+11	3465465078
2018-02-17	8184.787717	1.38069E+11	2531564035
2018-02-18	8870.972802	1.49662E+11	2981924733
2018-02-19	8472.633926	1.42958E+11	3816578380
2018-02-20	8953.043269	1.51082E+11	2811095471
2018-02-21	9323.861344	1.57356E+11	3425084665
2018-02-22	8089.550647	1.36558E+11	3710606648
2018-02-23	8133.501665	1.373E+11	3750285447
2018-02-24	8378.212883	1.41446E+11	3260775955
2018-02-25	7924.059469	1.33792E+11	2818534805
2018-02-26	7891.866662	1.33266E+11	2232329894
2018-02-27	8411.287267	1.42051E+11	2962060783
2018-02-28	8751.712226	1.47818E+11	2776943229
2018-03-01	8485.227483	1.43335E+11	2609749010
2018-03-02	8851.577555	1.49541E+11	2357392971
2018-03-03	9009.584413	1.52227E+11	2461006779
2018-03-04	9218.721012	1.55782E+11	2451148551
2018-03-05	9148.765353	1.54617E+11	2091506740
2018-03-06	9341.714634	1.57895E+11	2183337773
2018-03-07	8641.679641	1.4608E+11	2915072641
2018-03-08	8055.044233	1.3618E+11	3944498165
2018-03-09	7654.746065	1.29427E+11	3272989355
2018-03-10	7537.144885	1.27453E+11	4449708179
2018-03-11	7223.944047	1.22169E+11	2649516976
2018-03-12	7725.95978	1.30673E+11	3148561593
2018-03-13	7482.877298	1.26578E+11	3257895670
2018-03-14	7436.588431	1.25809E+11	2928141874
2018-03-15	6715.999668	1.13631E+11	3250113043
2018-03-16	6793.388666	1.14952E+11	3715036297
2018-03-17	6928.939235	1.17259E+11	2497402320
2018-03-18	6557.60833	1.10987E+11	2107874776
2018-03-19	6691.624547	1.13269E+11	3526355451
2018-03-20	7001.855182	1.18534E+11	3465392390
2018-03-21	7289.284544	1.23411E+11	2902626316
2018-03-22	7265.57178	1.23023E+11	2495600668
2018-03-23	7087.480319	1.2002E+11	2378352007
2018-03-24	7139.933937	1.2092E+11	2327821206
2018-03-25	6977.097336	1.18176E+11	1978229761
2018-03-26	6861.677105	1.16233E+11	1672009767
2018-03-27	6571.81271	1.11335E+11	2385917222
2018-03-28	6316.619096	1.07024E+11	2138531116
2018-03-29	6444.424562	1.092E+11	1652576716
2018-03-30	5793.153772	98175343040	2991511889
2018-03-31	5594.098653	94813606080	3458567143
2018-04-01	5657.638832	95899524139	2080511388
2018-04-02	5551.809473	94116977912	2151712211
2018-04-03	5759.388387	97646974472	1832942540
2018-04-04	6079.494108	1.03087E+11	2249631707
2018-04-05	5572.176195	94494496270	2071043118
2018-04-06	5596.903878	94925028918	2097360402
2018-04-07	5394.612951	91503290014	1497807231
2018-04-08	5602.725263	95045679079	1510790427
2018-04-09	5693.080305	96590081392	1152172234
2018-04-10	5500.644232	93335206356	1978102318
2018-04-11	5523.63314	93729978390	1254110396
2018-04-12	5597.282939	94997785699	1282702363
2018-04-13	6356.187802	1.0789E+11	4039610894
2018-04-14	6358.198102	1.07937E+11	3168905122
2018-04-15	6400.312232	1.08664E+11	1859619949
2018-04-16	6696.697824	1.13709E+11	1906240917
2018-04-17	6485.521795	1.10135E+11	2224137802
2018-04-18	6363.613945	1.08077E+11	2013543941
2018-04-19	6541.304982	1.11108E+11	1879785774
2018-04-20	6705.438424	1.13911E+11	1962045881
2018-04-21	6903.040811	1.1728E+11	2404874626
2018-04-22	7214.424357	1.22585E+11	2612285440
2018-04-23	7144.692831	1.21414E+11	2039636929
2018-04-24	7273.930857	1.23624E+11	1806320692
2018-04-25	7939.907337	1.34958E+11	3594023213
2018-04-26	7251.007004	1.2326E+11	4538191089
2018-04-27	7615.787491	1.29474E+11	3177502008
2018-04-28	7360.43697	1.25146E+11	2337571793
2018-04-29	7615.059694	1.29488E+11	2475198028
2018-04-30	7693.298754	1.30833E+11	2332628053
2018-05-01	7612.817161	1.29479E+11	2076311653
2018-05-02	7526.050404	1.28018E+11	2219248454
2018-05-03	7634.62059	1.29879E+11	1824042235
2018-05-04	7966.859737	1.35545E+11	1024412537
2018-05-05	8049.319479	1.36963E+11	2252413125
2018-05-06	8157.910045	1.38826E+11	2186852224
2018-05-07	8014.944021	1.36407E+11	2196459871
2018-05-08	7800.112001	1.32765E+11	2318754179
2018-05-09	7709.758856	1.31241E+11	2068852623
2018-05-10	7807.75964	1.32925E+11	1995500386
2018-05-11	7528.165979	1.2818E+11	1980330733
2018-05-12	7029.570299	1.19701E+11	3116116820
2018-05-13	7090.486044	1.20753E+11	2504873151
2018-05-14	7264.606026	1.23732E+11	1910116615
2018-05-15	7288.916519	1.24158E+11	2634342742
2018-05-16	7164.919571	1.22059E+11	2186881838
2018-05-17	7060.761846	1.203E+11	2346702150
2018-05-18	6832.056751	1.16415E+11	1843399640
2018-05-19	6957.718541	1.18569E+11	1804916895
2018-05-20	6938.316992	1.18251E+11	1418388543
2018-05-21	7175.285195	1.22304E+11	1411446066
2018-05-22	7086.858282	1.2081E+11	1451892980
2018-05-23	6794.136595	1.15833E+11	1607519120
2018-05-24	6452.844542	1.10028E+11	2371624251
2018-05-25	6451.965933	1.10024E+11	2220429012
2018-05-26	6410.17347	1.09325E+11	1680759438
2018-05-27	6287.365721	1.07244E+11	1106239064
2018-05-28	6268.654575	1.06937E+11	1067123710
2018-05-29	6114.680169	1.04323E+11	1522586461
2018-05-30	6458.391584	1.10198E+11	1927881269
2018-05-31	6325.935968	1.07952E+11	1519102134
2018-06-01	6378.509884	1.08862E+11	1466223286
2018-06-02	6416.499264	1.09524E+11	1403742737
2018-06-03	6485.979124	1.10722E+11	1312389717
2018-06-04	6548.98106	1.11811E+11	1228189395
2018-06-05	6379.648671	1.08935E+11	1404791881
2018-06-06	6453.974865	1.10218E+11	1495619290
2018-06-07	6455.774738	1.10261E+11	1326457663
2018-06-08	6456.072086	1.10277E+11	1237911714
2018-06-09	6418.371456	1.09645E+11	1156185606
2018-06-10	6296.974886	1.07582E+11	936064716.6
2018-06-11	5742.162405	98112596611	2366015033
2018-06-12	5843.249347	99849737003	1676036197
2018-06-13	5602.557367	95747212375	1754155343
2018-06-14	5365.950891	91712954544	2178125980
2018-06-15	5745.776353	98216215264	2035689315
2018-06-16	5513.505943	94256278679	1498039501
2018-06-17	5575.47462	95327234863	1124463167
2018-06-18	5537.785813	94693783842	966944528.1
2018-06-19	5739.106246	98147899379	1504379493
2018-06-20	5787.707271	98990265460	1423011781
2018-06-21	5799.582091	99204531072	1404831283
2018-06-22	5764.794218	98621649453	1206388105
2018-06-23	5218.856312	89291891598	2513530957
2018-06-24	5288.163998	90488418250	1402042076
2018-06-25	5281.936599	90393214282	2102618960
2018-06-26	5333.722143	91289652023	3697451823
2018-06-27	5210.14799	89184317457	2787975363
2018-06-28	5290.673727	90570710220	1779307513
2018-06-29	5084.691066	87054548283	1667505692
2018-06-30	5283.294794	90464668020	2001124062
2018-07-01	5440.173795	93160528161	1783206918
2018-07-02	5406.726844	92597631447	2228325485
2018-07-03	5665.522377	97040058745	2914149187
2018-07-04	5573.199254	95466813274	2585018296
2018-07-05	5626.720112	96392957109	2668127847
2018-07-06	5590.10187	95775142668	2834592172
2018-07-07	5618.149167	96267053396	4034649956
2018-07-08	5751.336143	98560141365	5145638832
2018-07-09	5701.724844	97721434468	4267523953
2018-07-10	5655.751835	96943047778	4463193158
2018-07-11	5375.239379	92144836791	3716670508
2018-07-12	5458.102019	93574519730	3399236283
2018-07-13	5341.042604	91577249437	3030084629
2018-07-14	5341.348717	91591909492	3377676242
2018-07-15	5338.573646	91553132014	3170207619
2018-07-16	5437.54933	93259680443	2446900892
2018-07-17	5759.151032	98784126039	3894877286
2018-07-18	6267.915434	1.07523E+11	5315939273
2018-07-19	6298.918285	1.08069E+11	4159069056
2018-07-20	6385.856049	1.09574E+11	3524504773
2018-07-21	6249.723946	1.0725E+11	3177622407
2018-07-22	6291.363888	1.07975E+11	2466435752
2018-07-23	6299.444003	1.08128E+11	4870217383
2018-07-24	6589.828539	1.13127E+11	5304452998
2018-07-25	7208.170809	1.23756E+11	4785900655
2018-07-26	6938.947808	1.19149E+11	3481915607
2018-07-27	6809.667694	1.16943E+11	2945754693
2018-07-28	6978.229105	1.19852E+11	3105517767
2018-07-29	7018.620455	1.20559E+11	3134950821
2018-07-30	7031.379321	1.20793E+11	2228909674
2018-07-31	6991.898123	1.20126E+11	2987611831
2018-08-01	6620.025851	1.1375E+11	3999861218
2018-08-02	6526.603971	1.12156E+11	9937953012
2018-08-03	6508.750288	1.11862E+11	5899505995
2018-08-04	6400.122155	1.10008E+11	4819163259
2018-08-05	6052.422052	1.04045E+11	5140449070
2018-08-06	6086.012667	1.04635E+11	5180284390
2018-08-07	5991.880591	1.03026E+11	5993372958
2018-08-08	5784.379065	99469628502	5799843504
2018-08-09	5391.750605	92728405250	5886685024
2018-08-10	5668.040627	97490582194	5071444916
2018-08-11	5399.127407	92877069250	5893507957
2018-08-12	5432.948014	93470540184	4998408786
2018-08-13	5542.702686	95369333163	4830931541
2018-08-14	5511.070996	94835264712	4719692434
2018-08-15	5475.139208	94226598259	6327631685
2018-08-16	5526.40449	95039340764	5836574783
2018-08-17	5547.444938	95466519081	5260113962
2018-08-18	5734.87652	98701973618	5420024514
2018-08-19	5573.613066	95969554588	4905436697
2018-08-20	5661.142367	97469977678	4511402748
2018-08-21	5433.667531	93575769543	4855223044
2018-08-22	5587.6387	96241645479	4888885217
2018-08-23	5468.166884	94204166838	5832980103
2018-08-24	5650.027407	97323526362	5282027382
2018-08-25	5748.566064	99052673368	5945839954
2018-08-26	5792.991009	99823121430	4540851899
2018-08-27	5781.281466	99179583709	4481028189
2018-08-28	5916.229933	1.01481E+11	4660624697
2018-08-29	6053.15708	1.04348E+11	5343662690
2018-08-30	6018.804445	1.03753E+11	5104672211
2018-08-31	6022.670594	1.03837E+11	5648593124
2018-09-01	6052.196058	1.04366E+11	5132652377
2018-09-02	6210.346385	1.07117E+11	5389316582
2018-09-03	6298.547767	1.08652E+11	5725096413
2018-09-04	6251.044629	1.07788E+11	3884159188
2018-09-05	6351.974588	1.09584E+11	4612623725
2018-09-06	5814.853693	1.00228E+11	6047913555
2018-09-07	5591.496679	96401294312	5642978017
2018-09-08	5533.473541	95481602897	3825428346
2018-09-09	5346.11508	92257633698	3330796989
2018-09-10	5416.187634	93627236486	3611472022
2018-09-11	5440.394667	93873452642	3884974664
2018-09-12	5413.092079	93494690036	4311848182
2018-09-13	5445.186456	94012191632	4323513129
2018-09-14	5547.805768	95898930814	4265499510
2018-09-15	5589.230537	96594066294	4600870937
2018-09-16	5615.206559	96991098098	3694002624
2018-09-17	5596.492779	96660591750	4056061420
2018-09-18	5356.404321	92522747066	3943034908
2018-09-19	5434.348002	93864707178	3829600839
2018-09-20	5468.725717	94483103116	4609684332
2018-09-21	5513.343904	95264793651	4296477779
